epochs,rewards
0,0.7069045020000564
1,0.6357532880000427
2,0.743212230000152
3,1.0030911380001006
4,1.1706588480001257
5,1.110973912000155
6,1.2900095560001512
7,1.1690387820000803
8,1.2968571419999853
9,1.418982192000171
10,1.3071963780000617
11,1.2728804460000642
12,1.3297223280001358
13,1.453678722000027
14,1.4433923880001664
15,1.5490923920000244
16,1.545688350000196
17,1.696716620000167
18,1.5846397380000887
19,1.6625894560001655
20,1.583152186000154
21,1.5343289820000727
22,1.7172055020001273
23,1.6823519840001608
24,1.7793343440001095
25,1.8690831100000913
26,1.8227219960000962
27,1.8694711180001011
28,1.9765018820001365
29,1.8073196320001372
30,1.8711143940000994
31,1.6124333500000574
32,1.8825377560001844
33,1.7725612560001736
34,1.7585600680000635
35,1.956420280000146
36,1.8736130840000698
37,1.8641504560001732
38,1.8560338920000994
39,1.8906109260002069
40,1.7696678659999996
41,1.7787669260000816
42,1.9153194340001178
43,2.024144350000192
44,1.9387313080001367
45,1.998313464000119
46,1.8583102700002008
47,1.983380552000149
48,1.8100733620000795
49,1.7747487880001156
50,1.9128755620000562
51,2.1011281580000674
52,1.9016199920000296
53,1.9470313120000426
54,1.9735243280001271
55,1.9557541520000086
56,1.954422732000041
57,1.9257892240000942
58,1.8950104380000798
59,2.0519414720001494
60,1.9038047320001497
61,1.904334947999995
62,1.7526058180001436
63,1.698856088000118
64,1.59519480800008
65,1.7090123280001102
66,1.619429586000156
67,1.7482125120000913
68,1.5990299600000424
69,1.7143520080000751
70,1.6993503660000786
71,1.7443930980000608
72,1.6975293660000588
73,1.5607416000000707
74,1.673831592000019
75,1.7217435379999935
76,1.8101260300000988
77,1.6251478720000634
78,1.6648189800000288
79,1.6947525900000215
80,1.7303989660001171
81,1.7836200079999731
82,1.7609167800000236
83,1.6376290800001336
84,1.6248212420001273
85,1.7178702740000595
86,1.7923159480000586
87,1.7492890820000362
88,1.9148567680000326
89,1.8265190139999852
90,1.7481630020000072
91,1.754613978000048
92,1.9259759360000483
93,1.825532858000041
94,1.8183214140000636
95,2.0126606539999647
96,1.9245373600000715
97,1.7025291679999999
98,1.9047565239999908
99,1.9416143059999769
100,1.6891332020000438
101,1.6164046140000532
102,1.4437859019999988
103,1.5759830900000815
104,1.70082439399998
105,1.7560463660000347
106,1.6956433599999765
107,1.6833597580000226
108,1.7176616240000198
109,1.5503607640000872
110,1.5767826600000823
111,1.638966532000039
112,1.5817466920000967
113,1.6215654800000667
114,1.4718076780000522
115,1.6616717360000943
116,1.568806430000036
117,1.5028495280000231
118,1.506584308000054
119,1.4111561600000044
120,1.5667774500000498
121,1.738624776000004
122,1.6708641060000538
123,1.5852346700000886
124,1.638045022000083
125,1.6237306480000568
126,1.5700540660000328
127,1.6154026380000719
128,1.6027081100000995
129,1.4946512219999963
130,1.6324969340000917
131,1.6334884880000278
132,1.718404081999949
133,1.7380679720000636
134,1.6159507620000402
135,1.5121331080000733
136,1.6099922039999683
137,1.7388007920000568
138,1.7231688160000647
139,1.5733314800000153
140,1.869768140000034
141,1.5704172099999725
142,1.5457645519999685
143,1.5218346459999799
144,1.6868797640000488
145,1.6648259319999625
146,1.6809906560000787
147,1.6593614679999846
148,1.6890242100000208
149,1.6119478199999637
150,1.6896225679999932
151,1.699031546000014
152,1.6296880700000238
153,1.6608947799999776
154,1.432952833999952
155,1.66863432199996
156,1.5850962039999006
157,1.6625035279999612
158,1.6505574839999504
159,1.5849489379999415
160,1.5646871019999686
161,1.657266306000014
162,1.6265084819999243
163,1.5461370479999936
164,1.6894575619999899
165,1.635758895999988
166,1.6394045460000093
167,1.6776919100000007
168,1.6750734480000198
169,1.555289898000014
170,1.6987603519999261
171,1.6760773499999804
172,1.6847280340000381
173,1.4088884840000038
174,1.506693331999991
175,1.6396502980000194
176,1.581032197999963
177,1.4499585239999346
178,1.4649246260000437
179,1.523389790000067
180,1.3035379140000058
181,1.5826273859999929
182,1.501244773999979
183,1.5101465199999797
184,1.5962246040000228
185,1.6915104300000827
186,1.5895334620000012
187,1.6114655420000368
188,1.4722589519999896
189,1.5684494639999613
190,1.5947875220000451
191,1.6386730220000412
192,1.5070377079999653
193,1.5745635639999822
194,1.7116386700000377
195,1.4722342259999333
196,1.5859253999999856
197,1.490512816000047
198,1.4947208039999893
199,1.544993365999987
200,1.482862894000041
201,1.5835904760000652
202,1.5035646660000568
203,1.679250552000049
204,1.5273885480000216
205,1.6090197560000739
206,1.5710197820000316
207,1.562760146000044
208,1.7158458020000424
209,1.5975464120000504
210,1.7380401440000526
211,1.562391962000036
212,1.6484218819999685
213,1.5030473280000356
214,1.5208282440000342
215,1.5372796600000238
216,1.5712138499999617
217,1.5158865319999681
218,1.5415740419999668
219,1.5858616040000273
220,1.506666435999966
221,1.6086400859999863
222,1.6181427980000684
223,1.6032312600000798
224,1.623799926000018
225,1.7212539919999892
226,1.5595863220000195
227,1.59015026599999
228,1.4973437399999234
229,1.314107131999953
230,1.491121599999996
231,1.523794233999971
232,1.5710458300000063
233,1.539213296000006
234,1.575343274000005
235,1.603365739999978
236,1.5413697979999696
237,1.531299937999988
238,1.4952867359999766
239,1.5509695259999678
240,1.6232950080000386
241,1.5911469680000012
242,1.5593209999999558
243,1.4934256059999562
244,1.4466578960000631
245,1.5354966400000336
246,1.4942368919999605
247,1.5333571140000046
248,1.6248300060000573
249,1.5569191039999053
250,1.6522508920000245
251,1.579775636000078
252,1.591046194000032
253,1.7719401720000127
254,1.6206883060000532
255,1.5139572860000583
256,1.6370375400000192
257,1.6834302180000216
258,1.5860944539999866
259,1.5218719999999752
260,1.6477919319999668
261,1.6783851519999793
262,1.745612497999911
263,1.5699991619999687
264,1.55042002399999
265,1.6582057360000093
266,1.5667400539999932
267,1.5249303559999916
268,1.747386108000044
269,1.6174616779999915
270,1.6231933799999876
271,1.5643800940000485
272,1.5203162599999942
273,1.6612603099999788
274,1.4971161479999973
275,1.6527784519999813
276,1.499471273999986
277,1.5862048059999756
278,1.4962979819999966
279,1.4221746119999534
280,1.2874140419999658
281,1.46245022000002
282,1.2343011199999787
283,1.3694255080000084
284,1.3714637699999943
285,1.3719626200000201
286,1.262807808000057
287,1.3250541759999956
288,1.4365956880000108
289,1.491943082000029
290,1.3616491039999712
291,1.4549251279999598
292,1.4078867220000446
293,1.4480143859999606
294,1.40423123800002
295,1.2719240519999464
296,1.5167773220000247
297,1.4802111659999961
298,1.6082019300000325
299,1.6489291900000638
300,1.6471494380000151
301,1.457691599999964
302,1.4726165560000237
303,1.4597465660000397
304,1.3918966620000828
305,1.5900232440000228
306,1.4389287040000065
307,1.7116378639999972
308,1.5042397999999824
309,1.2516730139999677
310,1.4249445139999883
311,1.4909971280000356
312,1.4244646179999765
313,1.4209041200000283
314,1.4931040220000114
315,1.5630710380000323
316,1.5377206760000472
317,1.3513694520000197
318,1.6131863540000513
319,1.5577937519999852
320,1.5034634040000028
321,1.4710798719999962
322,1.3017113720000117
323,1.421301392000025
324,1.3954864759999386
325,1.562397787999994
326,1.4154917119999855
327,1.57661831399996
328,1.5281115880000251
329,1.642799485999977
330,1.6358210879999469
331,1.6503269779999876
332,1.4778779639999984
333,1.433586881999973
334,1.5673828900000242
335,1.4585246240000327
336,1.570981286000006
337,1.4526965759999988
338,1.3480459420000535
339,1.3376080020000258
340,1.5005574760000417
341,1.6456730280000187
342,1.5070795140001025
343,1.512440002000064
344,1.435117232000036
345,1.5048057120000191
346,1.541718378000081
347,1.5515473700000504
348,1.5116823000000323
349,1.4540727960000321
350,1.5835010940000238
351,1.4444869080000489
352,1.5314386640000355
353,1.6131907960000724
354,1.5352443039999986
355,1.4167665820000286
356,1.5495572860000406
357,1.5769832480000812
358,1.5509458180000224
359,1.3326424660000358
360,1.60336947199998
361,1.6130657360000236
362,1.6759127120000072
363,1.4803505559999874
364,1.758382744000113
365,1.6354496659999973
366,1.6103130440000377
367,1.5483877200000062
368,1.788461477999963
369,1.6115796879999913
370,1.8035745539999801
371,1.6910226539999897
372,1.7304234700000531
373,1.6698731280000612
374,1.7087503500000434
375,1.6610819360000662
376,1.6298273220000348
377,1.5231013720000308
378,1.6853030040000672
379,1.5222774680000795
380,1.5156857120000033
381,1.3698956440000432
382,1.50081982000003
383,1.3907089540001127
384,1.5235897160000222
385,1.5447797120000217
386,1.5075356100000725
387,1.6163446980000764
388,1.5482809340000525
389,1.6299118880000418
390,1.6554666440000212
391,1.6161618940000146
392,1.6300512340000453
393,1.7020943300000588
394,1.7433372660001332
395,1.6519550520001183
396,1.5591115020000368
397,1.6577185160000638
398,1.6267340520000317
399,1.6530819100000382
400,1.6803192060000605
401,1.6904795560001062
402,1.6318002300000267
403,1.6477920120000753
404,1.6918029480000407
405,1.5940215180001216
406,1.56860723200007
407,1.632342140000056
408,1.6382346920000799
409,1.689293320000127
410,1.598651846000061
411,1.710205388000059
412,1.6969513300000827
413,1.5951390800000897
414,1.6505732620000901
415,1.7195563499999977
416,1.7400252660000537
417,1.595288966000039
418,1.7702631660000634
419,1.8005968620000945
420,1.7063608420000587
421,1.7965288380000246
422,1.7408771020000557
423,1.7302164540000242
424,1.5573949960000144
425,1.6837856580000987
426,1.7517654860000764
427,1.6114939440000864
428,1.647975528000036
429,1.6166877680000937
430,1.6713594420000644
431,1.6869003040000674
432,1.6958854680001
433,1.745988128000071
434,1.6166746660000642
435,1.8134670720000412
436,1.8117418320000886
437,1.862464628000069
438,1.9041997800000623
439,1.9469731820000735
440,1.7109726380000279
441,1.8175128180000975
442,1.8185673740000532
443,1.9291126080000165
444,1.7889452400000707
445,1.7904688400000837
446,1.915282316000053
447,1.8693633540000487
448,1.788520320000071
449,1.8525820300000806
450,1.679395338000034
451,1.8635000700000592
452,1.7365587160000895
453,1.8853848500001071
454,1.7951503280000793
455,1.7675988840000656
456,1.7870181280000488
457,1.7663472300001293
458,1.8836811340001034
459,1.8834408180000772
460,1.9053081020001517
461,1.831087150000128
462,1.8149317520001307
463,1.776531814000093
464,1.798338798000152
465,1.9036528560001575
466,1.9149377380001442
467,1.9440529680001497
468,1.7987253860001307
469,1.9518906080001241
470,1.9156168300000975
471,2.048100700000144
472,1.982393754000156
473,1.6610526920001778
474,1.908967084000155
475,1.8304095300001102
476,1.739631144000089
477,1.7712316540001116
478,1.7202442440001264
479,1.8329919080001253
480,1.8249602240001515
481,1.861489644000067
482,1.697675340000093
483,1.7486629240001548
484,1.8222289540001402
485,1.666721220000116
486,1.8049461240001683
487,1.7365337340001097
488,1.7459848200001038
489,1.7041312780001117
490,1.7986643960000515
491,1.8051028100000763
492,1.8733320500000517
493,1.7901651380000838
494,1.9036144760001128
495,1.8446003020000767
496,1.7093284220000715
497,1.758904188000021
498,1.7975054460000606
499,1.7065891920000986
500,1.879586100000068
501,1.8536842800000877
502,1.8065253920000266
503,1.673352550000129
504,1.7281432540001027
505,1.604111006000073
506,1.7665026640000292
507,1.7477208660000598
508,1.544733248000072
509,1.7549749440000384
510,1.7579240900000226
511,1.7494920640000267
512,1.7231884560000268
513,1.5848621100000382
514,1.7066052120000363
515,1.7486093640000289
516,1.6339565200000705
517,1.5609241520000805
518,1.6148513260000463
519,1.3771991100000602
520,1.5688558400001096
521,1.498203792000039
522,1.6892597119999977
523,1.7190685560000607
524,1.5904872640000156
525,1.6087910599999986
526,1.6062531600000773
527,1.7097929180000726
528,1.6311210959999944
529,1.6727078400000337
530,1.6586114920000086
531,1.5593745780000279
532,1.599521141999991
533,1.4925591419999562
534,1.666737961999969
535,1.6835346159999975
536,1.6159203959999946
537,1.6029992820000616
538,1.6688985759999908
539,1.7581135279999494
540,1.827582700000012
541,1.5804837940000338
542,1.7986900819999874
543,1.7043261260000044
544,1.885578419999936
545,1.6801682120000039
546,1.780578656000045
547,1.680328821999988
548,1.7968233960000688
549,1.773961978000027
550,1.9526294780000342
551,1.7297783420000368
552,1.6439044520000443
553,1.8208655900000317
554,1.6497397119999888
555,1.7030410000000586
556,1.7782768100000148
557,1.707933654000002
558,1.788388354000081
559,1.826546332000025
560,1.6510910780000376
561,1.709271835999995
562,1.6456723359999927
563,1.7219608000000242
564,1.6719393919999568
565,1.6260745940000334
566,1.644289450000025
567,1.5894266139999869
568,1.5859752440000285
569,1.5185546760000324
570,1.6036717519999688
571,1.4673557959999828
572,1.5590780179999975
573,1.4125409299999991
574,1.4271151160000106
575,1.4211080119999764
576,1.500492765999999
577,1.5816498440000437
578,1.5490474060000636
579,1.492068677999998
580,1.4805434400000528
581,1.6076865600000503
582,1.587365326000043
583,1.6092311660000003
584,1.5789485640000267
585,1.734754794000013
586,1.699252452000031
587,1.658093870000026
588,1.6666272200000432
589,1.7227251319999848
590,1.7036312539999443
591,1.6853893880000292
592,1.643691083999976
593,1.8185714379999893
594,1.524262850000051
595,1.7150089780000322
596,1.5407813300000073
597,1.536173962000027
598,1.6494814460000164
599,1.4698239439999883
600,1.4045948620000548
601,1.4339400619999476
602,1.435059588000065
603,1.5552600340000122
604,1.3286661199999883
605,1.476928920000018
606,1.3549437659999986
607,1.4900444959999692
608,1.503531082000078
609,1.5248821980000327
610,1.5771208240000245
611,1.413879432000027
612,1.5909611420000158
613,1.5840262839999775
614,1.4709159120000437
615,1.5740765540000412
616,1.5839099259999978
617,1.6958381519999932
618,1.6560422199999671
619,1.5038463520000045
620,1.6238991959999693
621,1.5682877319999733
622,1.6725530000000344
623,1.5994479799999417
624,1.793095341999966
625,1.6491976380000615
626,1.6643258260000526
627,1.5742562600000065
628,1.777665030000022
629,1.7543291160000465
630,1.810725008000005
631,1.6222341799999505
632,1.73125231000002
633,1.6219034260000023
634,1.702643971999955
635,1.6315005239999671
636,1.5846291319999306
637,1.656691588000001
638,1.6304608680000008
639,1.5881571759999558
640,1.61587746999996
641,1.5695986719999677
642,1.5636862600000123
643,1.6618225239999784
644,1.6823222840000085
645,1.5861273459999392
646,1.5575552679999616
647,1.4576768419999597
648,1.4622599840000028
649,1.3137915219999075
650,1.2835255420000036
651,1.509485487999953
652,1.5302163060000096
653,1.4978883660000086
654,1.504277071999942
655,1.3623688800000022
656,1.363213931999958
657,1.6424462919999663
658,1.4114109360000149
659,1.3917246419999785
660,1.5184557679999888
661,1.6162968259999388
662,1.4014828480000174
663,1.6246190600000077
664,1.515704933999955
665,1.6783320360000118
666,1.4792884259999828
667,1.5132056739999555
668,1.5135027359999942
669,1.4781233720000264
670,1.5136806480000309
671,1.508860008000008
672,1.5088028479999505
673,1.400332173999963
674,1.487433729999954
675,1.4701981599999603
676,1.4324681219999968
677,1.4714524159999876
678,1.4949776340000143
679,1.490303121999983
680,1.550363843999949
681,1.4657603059999724
682,1.4713828479999802
683,1.4108714300000025
684,1.4800381039999833
685,1.6755467260000056
686,1.4528894899999512
687,1.5951427019999809
688,1.4648927079999652
689,1.5952586779999756
690,1.6415371979999738
691,1.6643173199999617
692,1.5775957980000266
693,1.6422670880000112
694,1.5837905100000027
695,1.703918524000001
696,1.7015279239999725
697,1.5776872479999882
698,1.657832278000011
699,1.6767532360000146
700,1.5476457139999833
701,1.5937084339999763
702,1.602773286000008
703,1.459269167999977
704,1.5470995099999718
705,1.5381956619999593
706,1.5435287120000374
707,1.7052302100000016
708,1.5825909660000148
709,1.6274202019999362
710,1.606600141999952
711,1.4846956800000322
712,1.5590309600000074
713,1.4812018940000105
714,1.4014336980000452
715,1.3897329040000517
716,1.4233830320000385
717,1.473017528000029
718,1.5266120599999877
719,1.3706969240000455
720,1.3692526779999947
721,1.3743588240000015
722,1.2389157460000333
723,1.2910006200000335
724,1.5487430900000843
725,1.4046646719999933
726,1.3978485700000354
727,1.3400901519999664
728,1.4264507900000023
729,1.534691163999935
730,1.435261084000028
731,1.534570589999984
732,1.4409269280000125
733,1.2733417879999975
734,1.5519542060000169
735,1.6409670699999723
736,1.6270786720000152
737,1.4798540680000194
738,1.5433476400000612
739,1.6154736719999854
740,1.6210512619999662
741,1.5597252699999875
742,1.5272416619999762
743,1.467888007999989
744,1.399061314000014
745,1.530345872000014
746,1.5286772939999427
747,1.4544828539999344
748,1.5770495899999748
749,1.4781190019999513
750,1.4678868759999864
751,1.4986306419999607
752,1.427231743999986
753,1.3441376619999446
754,1.5795319599999535
755,1.4441173679999775
756,1.4605196939999732
757,1.4790252919999736
758,1.583818121999967
759,1.4804625079999423
760,1.5760237859999804
761,1.5535251899999758
762,1.4786764859999502
763,1.5389040359999528
764,1.4633600819999315
765,1.4499051059999268
766,1.4114119999999075
767,1.321747047999915
768,1.384726831999905
769,1.5386019219999536
770,1.550825151999966
771,1.6579843319999554
772,1.5336586799999696
773,1.397960359999928
774,1.5621181999999512
775,1.5084727000000164
776,1.511206051999996
777,1.3969280259999683
778,1.474738287999966
779,1.496912129999961
780,1.5015534039999912
781,1.6315151879999632
782,1.564225401999968
783,1.5138103460000107
784,1.4570665159999452
785,1.6069802139999687
786,1.5386983039999769
787,1.6175404339999755
788,1.5248351479999855
789,1.5071576499999795
790,1.603991211999991
791,1.5078357199999703
792,1.4475352260000052
793,1.4565775139999504
794,1.6670672099999841
795,1.5752429540000579
796,1.6674785500000233
797,1.5455881019999929
798,1.624710550000028
799,1.4768258099999843
800,1.3831471840000176
801,1.4398929140000227
802,1.3714205999999862
803,1.506049298000034
804,1.3468604500000425
805,1.456617052000042
806,1.5127905880000347
807,1.50656665400001
808,1.4519564640000326
809,1.4608191340000265
810,1.387255154000031
811,1.4774218320000587
812,1.4554136680000251
813,1.437902680000016
814,1.3838521580000318
815,1.484764050000018
816,1.5476192720000759
817,1.4678454720000222
818,1.5063211920000352
819,1.5902444620000233
820,1.517388108000024
821,1.3094714260000284
822,1.3130388240000324
823,1.497568914000038
824,1.3573207139999788
825,1.53584634000002
826,1.4679427879999851
827,1.54530839400002
828,1.5131494580000537
829,1.6115831600000519
830,1.5883321200000222
831,1.5435465300000129
832,1.5931556600000052
833,1.5433891540000166
834,1.696929098000035
835,1.4969927579999642
836,1.514022180000032
837,1.5364858000000292
838,1.6546318680000163
839,1.5056005160000252
840,1.5892930840000163
841,1.3857024999999945
842,1.6298172960000201
843,1.5794957920000052
844,1.5988110799999822
845,1.499761204000012
846,1.5716202959999648
847,1.574201097999972
848,1.682893772000027
849,1.6370027680000334
850,1.5178567499999862
851,1.5886200259999805
852,1.62977894399998
853,1.4161415099999752
854,1.6531884079999728
855,1.5595467459999623
856,1.564900076000011
857,1.5143504660000273
858,1.4826889059999782
859,1.5789618200000222
860,1.630526325999988
861,1.5518984019999893
862,1.540052510000014
863,1.4624832840000135
864,1.5077021359999732
865,1.3826159979999897
866,1.7242549100000162
867,1.3794580439999926
868,1.4949323620000166
869,1.5953224720000492
870,1.5080649439999871
871,1.5819154800000046
872,1.353044058000008
873,1.5112523880000173
874,1.4225352299999972
875,1.3617847359999935
876,1.4188406659999675
877,1.4823905099999402
878,1.4599630819999199
879,1.4341776079999446
880,1.540002509999956
881,1.4874871959999192
882,1.4769304079999679
883,1.4678143599999371
884,1.5119827719999845
885,1.451651843999957
886,1.4855990860000001
887,1.499513701999946
888,1.527729991999951
889,1.3732463159999453
890,1.3981523299999443
891,1.431554175999965
892,1.5854524239999668
893,1.5343518780000198
894,1.565430104000003
895,1.4475917820000084
896,1.5811579359999994
897,1.567649285999968
898,1.6207262339999962
899,1.4140538499999566
900,1.4921519700000019
901,1.4066263180000105
902,1.4660032899999487
903,1.3988706499999881
904,1.3996884240000207
905,1.4530355880000179
906,1.4898662360000192
907,1.5363081480000118
908,1.4760229399999947
909,1.5949471360000111
910,1.640931755999977
911,1.4837822859999794
912,1.526474071999977
913,1.490083617999971
914,1.4606859099999414
915,1.339464624000004
916,1.5213494639999903
917,1.3992678820000237
918,1.3195555639999856
919,1.5083236439999714
920,1.270091854000015
921,1.3027830659999506
922,1.4010667300000135
923,1.3997641920000081
924,1.5307848259999868
925,1.3013669519999649
926,1.3960288679999988
927,1.3152716360000438
928,1.2400231419999663
929,1.2600453619999885
930,1.3578177079999154
931,1.3206639679999888
932,1.18147001399997
933,1.4386940280000426
934,1.4426252579999788
935,1.5475533260000374
936,1.4420022219999962
937,1.4233382979999698
938,1.4395093819999794
939,1.404276055999969
940,1.4492369419999918
941,1.334159721999999
942,1.421518702000002
943,1.2917881939999698
944,1.3989132420000439
945,1.5137506420000268
946,1.4194974280000472
947,1.5190249400000022
948,1.4102446780000188
949,1.4248318439999919
950,1.4351581640000344
951,1.5383316940000058
952,1.3880389819999994
953,1.4246248820000051
954,1.4284973700000325
955,1.335657852000005
956,1.4091912340000268
957,1.3699360219999779
958,1.2822352260000147
959,1.419867851999943
960,1.3366547040000154
961,1.3687234940000303
962,1.300177918000014
963,1.4089503039999762
964,1.4121688079999672
965,1.2546400699999927
966,1.2197149659999584
967,1.3211336900000181
968,1.2602504139999304
969,1.251376683999963
970,1.381923125999962
971,1.4411657559999602
972,1.550699465999943
973,1.4923078519999522
974,1.3725817119999784
975,1.479008350000035
976,1.4368858799999473
977,1.279251669999979
978,1.46361121199996
979,1.269035197999988
980,1.4735889319999607
981,1.3179798160000011
982,1.4395654980000283
983,1.498030084000006
984,1.3218467
985,1.3537300119999762
986,1.4483410619999515
987,1.432625681999995
988,1.425289184000027
989,1.2090937680000247
990,1.45160174799996
991,1.462513513999979
992,1.5006517039999734
993,1.5194700999999844
994,1.3738535820000486
995,1.4793961060000038
996,1.5423583580000289
997,1.6030597180000015
998,1.569899823999994
999,1.4992856680000077
1000,1.6165692860000025
1001,1.4473657179999622
1002,1.4284110559999919
1003,1.5436069080000214
1004,1.5718297800000425
1005,1.5400548679999804
1006,1.527917598000006
1007,1.4914965300000227
1008,1.4982922399999632
1009,1.4516912559999628
1010,1.4627553619999856
1011,1.6207115619999413
1012,1.5185633119999742
1013,1.4413678359999693
1014,1.548098807999967
1015,1.5152001739999976
1016,1.3922532299999846
1017,1.5663663359999491
1018,1.4875733219999754
1019,1.4104565459999896
1020,1.5697560739999616
1021,1.5412899099999722
1022,1.6528469739999707
1023,1.493650897999943
1024,1.5559661819999637
1025,1.5652162099999822
1026,1.5736217959999266
1027,1.5829960759999695
1028,1.5197316479999556
1029,1.444304875999891
1030,1.4962789699999313
1031,1.6420531679998884
1032,1.5084656739999147
1033,1.5661124419999162
1034,1.560852525999934
1035,1.4216962559999402
1036,1.538856587999966
1037,1.4655710859999838
1038,1.6154395799999577
1039,1.6177340239999816
1040,1.63954833999995
1041,1.5563955899999637
1042,1.437376851999963
1043,1.592407539999956
1044,1.6239826900000165
1045,1.4521950679999573
1046,1.6577179379999585
1047,1.6053371919999582
1048,1.558153717999986
1049,1.550663931999976
1050,1.4347163159999865
1051,1.3613609219999612
1052,1.3809234380000235
1053,1.4457109659999468
1054,1.3548906720000375
1055,1.5575998240000155
1056,1.4482396259999852
1057,1.3956797739999427
1058,1.484144043999991
1059,1.316942879999945
1060,1.3578301439999874
1061,1.3683978360000149
1062,1.4128546519999863
1063,1.4177346880000075
1064,1.441617739999972
1065,1.5454674299999938
1066,1.5133675299999916
1067,1.4806000139999642
1068,1.531895108000032
1069,1.5832226559999896
1070,1.3769957519999965
1071,1.5366291459999903
1072,1.5782436660000099
1073,1.515069386000012
1074,1.5436190060000032
1075,1.5517605320000483
1076,1.5632567600000424
1077,1.5614549119999888
1078,1.5502815639999756
1079,1.575414009999998
1080,1.6198369499999685
1081,1.6552562819999792
1082,1.7239180140000077
1083,1.639321021999973
1084,1.6160821739999818
1085,1.5916514179999908
1086,1.5164687200000238
1087,1.4529693040000202
1088,1.530892972000002
1089,1.3719849380000193
1090,1.419990262000046
1091,1.4192325020000096
1092,1.4518258480000057
1093,1.547214223999962
1094,1.447908543999965
1095,1.660797138000012
1096,1.5231128099999425
1097,1.6576924639999782
1098,1.5172827979999859
1099,1.5533931979999949
1100,1.6364611659999404
1101,1.5827083919999962
1102,1.580682823999997
1103,1.5965703839999912
1104,1.4882075500000314
1105,1.5779948599999605
1106,1.4115868780000218
1107,1.7244482700000183
1108,1.6326581239999638
1109,1.6991280819999832
1110,1.5766998860000037
1111,1.608175056000043
1112,1.5249544319999986
1113,1.480491336000016
1114,1.6324636619999702
1115,1.6171621159999952
1116,1.718383863999986
1117,1.5379922480000197
1118,1.620779393999987
1119,1.6231333779999921
1120,1.5687759120000244
1121,1.7399071780000022
1122,1.7009452419999782
1123,1.5364966100000066
1124,1.555000892000007
1125,1.5053013559999728
1126,1.6496147299999862
1127,1.5500905819999522
1128,1.5675038739999936
1129,1.5594872219999711
1130,1.369386109999975
1131,1.4630524419999635
1132,1.440930035999961
1133,1.5145353259999905
1134,1.5078188319999764
1135,1.5476980719999478
1136,1.4561844339999719
1137,1.2839233699999775
1138,1.3569337159999861
1139,1.428159041999939
1140,1.27738615599998
1141,1.4164447579999973
1142,1.3599327959999763
1143,1.5607576340000051
1144,1.5254860839999673
1145,1.5990811280000106
1146,1.4763863139999645
1147,1.4704548659999772
1148,1.5227555620000088
1149,1.564462849999959
1150,1.5171679219999756
1151,1.7076053319999729
1152,1.6018079899999993
1153,1.5882619079999882
1154,1.541532945999995
1155,1.7519552699999874
1156,1.699604504000043
1157,1.551217596000043
1158,1.6167225360000148
1159,1.8212801259999978
1160,1.7541789299999788
1161,1.5487569839999993
1162,1.6043676719999866
1163,1.6337233640000015
1164,1.611763845999985
1165,1.6214337120000155
1166,1.6133227380000403
1167,1.5533521140000262
1168,1.7078452860000026
1169,1.7170953679999592
1170,1.666435724000006
1171,1.7996842360000076
1172,1.6941782359999902
1173,1.5686426939999842
1174,1.5680596519999623
1175,1.6221318940000073
1176,1.5825817379999774
1177,1.5137953039999497
1178,1.6406308679999746
1179,1.5548544559999877
1180,1.4909185619999676
1181,1.5689264979999895
1182,1.6580452579999805
1183,1.6829137479999834
1184,1.5676644959999897
1185,1.5610701619999423
1186,1.7110814699999508
1187,1.5709291959999883
1188,1.6127884319999588
1189,1.4851012799999763
1190,1.6057076979999807
1191,1.5666350959999442
1192,1.4883936519999552
1193,1.550377161999954
1194,1.4838119039999875
1195,1.6815106719999573
1196,1.6186437599999581
1197,1.5322695439999823
1198,1.5968842479999923
1199,1.611212760000027
1200,1.491047160000003
1201,1.5838455800000117
1202,1.5603334099999655
1203,1.4914798440000387
1204,1.5007943759999876
1205,1.4736841799999634
1206,1.4174995219999698
1207,1.4660062699999576
1208,1.6123374820000103
1209,1.603199362000014
1210,1.4375153120000483
1211,1.5856942460000156
1212,1.642513847999996
1213,1.6641590940000106
1214,1.675403025999982
1215,1.6070075400000228
1216,1.6366823079999946
1217,1.4873010219999694
1218,1.4113756499999575
1219,1.4420069599999663
1220,1.4613416099999443
1221,1.5114649060000018
1222,1.4628066199999945
1223,1.3031334580000298
1224,1.4680527539999932
1225,1.2977579800000205
1226,1.3421319159999845
1227,1.3198909079999743
1228,1.445214181999992
1229,1.3769712520000188
1230,1.3770439140000024
1231,1.5003756439999871
1232,1.4176686460000054
1233,1.4192163640000155
1234,1.4870822920000215
1235,1.5683812200000213
1236,1.625969762000001
1237,1.576059970000021
1238,1.552594007999999
1239,1.537546539999961
1240,1.5987211900000098
1241,1.499626815999986
1242,1.5990248079999847
1243,1.4542684899999725
1244,1.5588332079999967
1245,1.5456592600000119
1246,1.6326937400000177
1247,1.4901780919999985
1248,1.5904250979999723
1249,1.6655910679999786
1250,1.4457594599999979
1251,1.5319881659999601
1252,1.4215302179999978
1253,1.5778960580000079
1254,1.6825813019999547
1255,1.672199703999988
1256,1.6438619559999679
1257,1.4246690960000175
1258,1.6053282639999744
1259,1.693892193999984
1260,1.6348466519999902
1261,1.6994612280000119
1262,1.651014847999932
1263,1.6770657099999695
1264,1.5456537619999522
1265,1.7448519839999619
1266,1.624447385999963
1267,1.652771499999983
1268,1.7015527819999712
1269,1.608709747999999
1270,1.5778415419999847
1271,1.6434207379999541
1272,1.7807180039999881
1273,1.6630462759999574
1274,1.635448487999995
1275,1.6569353099999429
1276,1.556391737999987
1277,1.521828191999992
1278,1.6148446059999966
1279,1.5430981620000095
1280,1.468283809999995
1281,1.5535774759999832
1282,1.5281939899999952
1283,1.6541491919999718
1284,1.5303135939999746
1285,1.6612976099999965
1286,1.6002269879999553
1287,1.450959220000032
1288,1.6890361220000158
1289,1.5832405439999597
1290,1.7438111700000447
1291,1.6447145800000218
1292,1.4967278599999956
1293,1.5742833399999712
1294,1.4224075960000415
1295,1.4645160839999871
1296,1.6194311860000266
1297,1.5507894359999996
1298,1.6661826079999642
1299,1.4589865939999758
1300,1.6044709079999997
1301,1.5788626020000152
1302,1.6694872440000008
1303,1.6191265839999816
1304,1.652600470000014
1305,1.6479106459999968
1306,1.6158973380000163
1307,1.6526891520000042
1308,1.594379264000012
1309,1.512406704000011
1310,1.5328425080000008
1311,1.5295182900000004
1312,1.7501648300000248
1313,1.6423675080000155
1314,1.44408066000004
1315,1.5495909400000163
1316,1.49671100800004
1317,1.6175060680000453
1318,1.6007234420000713
1319,1.6959530820000481
1320,1.6652721020000083
1321,1.546277320000018
1322,1.6335853560000266
1323,1.7067085200000733
1324,1.7935818720000363
1325,1.78204243800006
1326,1.719425850000027
1327,1.7094122540000534
1328,1.6817299300000557
1329,1.5650933200000727
1330,1.739210736000052
1331,1.679515156000031
1332,1.5225892700000365
1333,1.6210783340000656
1334,1.6921316100000383
1335,1.665277552000046
1336,1.5937934160000378
1337,1.684655042000052
1338,1.739174346000043
1339,1.6609446039999967
1340,1.6801614100000386
1341,1.6312145440000456
1342,1.584966422000027
1343,1.6839204560000234
1344,1.7079090360000304
1345,1.709256548000031
1346,1.698013568000043
1347,1.607026442000039
1348,1.5945720219999693
1349,1.610750284000042
1350,1.7703454160000256
1351,1.6253722300000395
1352,1.6915860180000706
1353,1.5770369640000337
1354,1.5589659580000759
1355,1.5017240500000528
1356,1.5212403660000495
1357,1.4683010160000176
1358,1.2994669780000478
1359,1.4030964720000205
1360,1.4300948500000366
1361,1.3507118360000714
1362,1.3903208880000206
1363,1.4576493600000529
1364,1.3532117720000203
1365,1.4363450580000614
1366,1.5304900300000446
1367,1.5152580700000207
1368,1.4759963600000137
1369,1.529284086000029
1370,1.4834722180000237
1371,1.3618253260000213
1372,1.366545534000041
1373,1.4912603760000454
1374,1.507067304000027
1375,1.4327692460000274
1376,1.3849003140000393
1377,1.3561853739999985
1378,1.427698752000035
1379,1.2988023560000195
1380,1.4291204400000046
1381,1.399457344000048
1382,1.575811948000032
1383,1.51146154400005
1384,1.56263253200001
1385,1.434335814000065
1386,1.4539890340000428
1387,1.4777189680000502
1388,1.5016363960000678
1389,1.487160408000019
1390,1.3521772340000204
1391,1.4348120520000562
1392,1.3348642540000144
1393,1.5234991900000416
1394,1.4370469059999857
1395,1.4936846220000066
1396,1.3561825720000287
1397,1.4612518960000132
1398,1.4098826300000256
1399,1.421257242000007
1400,1.4053811920000059
1401,1.5041384359999954
1402,1.4495877179999916
1403,1.4020038520000222
1404,1.4798783360000112
1405,1.526636686000029
1406,1.4068058580000575
1407,1.456170200000062
1408,1.5275090040000272
1409,1.3831918100000684
1410,1.5424759140000432
1411,1.4329853180000152
1412,1.3874288620000463
1413,1.3645389480000158
1414,1.4121165520000067
1415,1.3929109080000401
1416,1.4660140980000391
1417,1.367304562000029
1418,1.4455560340000329
1419,1.5175422459999965
1420,1.3940904320000524
1421,1.4027298660000653
1422,1.4599317120000332
1423,1.585311236000102
1424,1.4965218240000433
1425,1.4996159260000441
1426,1.5053417120000123
1427,1.52771516800001
1428,1.4630039760000413
1429,1.6113393060000725
1430,1.3728193300000435
1431,1.2801626760000495
1432,1.4360408900000454
1433,1.4759007140000424
1434,1.4221206760000071
1435,1.487014070000039
1436,1.4835309120000217
1437,1.5370763699999745
1438,1.516107886000022
1439,1.5554328200000112
1440,1.5434659320000055
1441,1.3655068340000054
1442,1.4551962000000818
1443,1.408585558000015
1444,1.4175771860000252
1445,1.5216520980000103
1446,1.5492741320000403
1447,1.4449301520000168
1448,1.353188922000006
1449,1.4074585200000334
1450,1.3379407020000222
1451,1.5453046320000752
1452,1.4410931520000858
1453,1.4059251600000344
1454,1.3248977800000605
1455,1.2354885660000758
1456,1.3931442340000344
1457,1.3260595740000336
1458,1.270503468000006
1459,1.340128602000028
1460,1.3104298520000035
1461,1.2164519779999927
1462,1.3571540379999947
1463,1.2744850299999855
1464,1.3374546420000644
1465,1.2893462500000052
1466,1.26531988200002
1467,1.358253430000047
1468,1.2263017740000004
1469,1.2480206480000011
1470,1.2911794240000263
1471,1.3046533500000423
1472,1.2192980000000397
1473,1.4368996600000217
1474,1.4521070100000477
1475,1.4093204740000487
1476,1.3776649340000646
1477,1.3234532100000296
1478,1.4122076300000574
1479,1.3942375180000566
1480,1.3381788780000803
1481,1.416849300000047
1482,1.369689600000088
1483,1.4245964180000703
1484,1.481780938000048
1485,1.331065000000049
1486,1.3216446960000816
1487,1.2579240240000522
1488,1.4591846840000655
1489,1.3451118240000381
1490,1.3005047120000701
1491,1.4189869580000813
1492,1.2952121440000797
1493,1.4016726060000795
1494,1.2613334080000471
1495,1.34411662200006
1496,1.233430996000049
1497,1.2288357180000875
1498,1.26876485800006
1499,1.2718159080000668
1500,1.2117850960000531
1501,1.2587987040000193
1502,1.191297904000057
1503,1.3028252580000377
1504,1.1467804940000326
1505,1.3585599320000519
1506,1.3501544020000589
1507,1.3084731020000473
1508,1.241457340000054
1509,1.262514338000058
1510,1.2538068180001072
1511,1.2586281420000955
1512,1.2723464560000952
1513,1.2756099660000753
1514,1.3081583140001052
1515,1.2374973060001127
1516,1.3747956920000637
1517,1.314798184000101
1518,1.233860492000074
1519,1.2989480180000679
1520,1.2412607520000507
1521,1.2003415060000555
1522,1.1595403980000696
1523,1.113985442000096
1524,1.2164160360000587
1525,1.336778802000027
1526,1.2251941680000344
1527,1.2636037160000169
1528,1.1698855960000198
1529,1.1360122360000324
1530,1.215252102000055
1531,1.323036490000018
1532,1.3223839600000642
1533,1.3856031719999695
1534,1.35017913200002
1535,1.2592583740000318
1536,1.2500487840000574
1537,1.2631234060000263
1538,1.308515680000033
1539,1.2597064400000746
1540,1.3017513200000663
1541,1.1366842560000379
1542,1.1528226920000706
1543,1.1667491160000476
1544,1.2486426780000448
1545,1.1913677080000173
1546,1.30600145800005
1547,1.312952428000036
1548,1.273524926000067
1549,1.317370188000031
1550,1.2647248720000426
1551,1.3695908960000325
1552,1.3817734460000453
1553,1.3286981740000425
1554,1.363341520000021
1555,1.3498872560000064
1556,1.2971473560000368
1557,1.2176392380000256
1558,1.2828245400000338
1559,1.1725701700000557
1560,1.377373412000078
1561,1.3364665340000625
1562,1.2286039540000515
1563,1.2749371680000388
1564,1.3110483220001057
1565,1.282636596000033
1566,1.3488121040000678
1567,1.3232365580000383
1568,1.4246910540000646
1569,1.3316871060000635
1570,1.3100572800000232
1571,1.3716366320000395
1572,1.3925067860000584
1573,1.410766366000078
1574,1.3630382800000818
1575,1.4108305640000562
1576,1.4725393540000464
1577,1.415332384000052
1578,1.33088549000008
1579,1.4018594260000627
1580,1.618692504000121
1581,1.4349655160000707
1582,1.3871883480000635
1583,1.4006188320000867
1584,1.474327772000068
1585,1.4710555680000947
1586,1.373498970000071
1587,1.4573751120000544
1588,1.3551018980000373
1589,1.3373069380000557
1590,1.4562727140000664
1591,1.3601392840000681
1592,1.535314444000071
1593,1.4428180180000938
1594,1.5465798160000888
1595,1.4829927720000469
1596,1.5821414920000487
1597,1.45711468000002
1598,1.493613858000018
1599,1.5043423900000286
1600,1.4905046060000338
1601,1.3987063319999882
1602,1.4949011500000275
1603,1.4301937100000495
1604,1.534697512000045
1605,1.5212519060000296
1606,1.4242749460000148
1607,1.3748664919999998
1608,1.5540380700000256
1609,1.684400224000062
1610,1.5586795900000339
1611,1.5585256940000125
1612,1.3887873940000173
1613,1.572259880000062
1614,1.3817124240000234
1615,1.4688163340000449
1616,1.4105027840000073
1617,1.4051035540000067
1618,1.3234516000000607
1619,1.5416786380000502
1620,1.5729280540000379
1621,1.5425796700000083
1622,1.3944033419999724
1623,1.3828438440000168
1624,1.5178035260000633
1625,1.4404913540000797
1626,1.4053736400000205
1627,1.4085875640000056
1628,1.554768624000027
1629,1.4802508760000244
1630,1.5954620439999934
1631,1.5534857480000586
1632,1.5153142740000547
1633,1.4988553180000386
1634,1.4179536060000286
1635,1.361736134000009
1636,1.5371665340000162
1637,1.4647683900000175
1638,1.3824297140000286
1639,1.5437353479999727
1640,1.5279618340000045
1641,1.4486721100000044
1642,1.4188112700000133
1643,1.375186710000036
1644,1.3835039899999746
1645,1.4133288659999987
1646,1.4290607180000103
1647,1.4361772039999932
1648,1.4631211120000076
1649,1.6798305100000241
1650,1.4269352520000012
1651,1.6181873860000362
1652,1.518698782000003
1653,1.520724452000004
1654,1.466328543999993
1655,1.461009866000036
1656,1.4508559739999916
1657,1.5322825420000141
1658,1.4229127599999947
1659,1.396566834000026
1660,1.3227244860000331
1661,1.4754274780000287
1662,1.4426084960000352
1663,1.4962509320000317
1664,1.562995384000021
1665,1.407495160000043
1666,1.5726859220000344
1667,1.5035331340000213
1668,1.532338433999998
1669,1.5945731340000213
1670,1.5613146120000243
1671,1.4754562640000213
1672,1.5963787159999976
1673,1.478395364000038
1674,1.5553350340000316
1675,1.5681461760000293
1676,1.6783172280000216
1677,1.6119683160000697
1678,1.5493793320000693
1679,1.543615362000068
1680,1.5707481520000321
1681,1.577846479999998
1682,1.6546697040000027
1683,1.5307290400000317
1684,1.5806184140000124
1685,1.3924349300000483
1686,1.6072330500000476
1687,1.575691728000037
1688,1.5520021820000318
1689,1.4946720300000171
1690,1.590369280000039
1691,1.4888810300000288
1692,1.47146806600007
1693,1.5823941040000067
1694,1.5027410220000403
1695,1.6034567000000386
1696,1.591273546000025
1697,1.6395935640000168
1698,1.6827683080000355
1699,1.6610868080000387
1700,1.6901068620000537
1701,1.5228878120000444
1702,1.5458135860000377
1703,1.5978971900000838
1704,1.5685778600000555
1705,1.6711152200000523
1706,1.6561381280000418
1707,1.5279485560000294
1708,1.7605892480000171
1709,1.8505843860000268
1710,1.8281552080000416
1711,1.7587201760000148
1712,1.7820160220000283
1713,1.7889579520000432
1714,1.6560436520000146
1715,1.5996875280000311
1716,1.7391841520000504
1717,1.6777080060000693
1718,1.6861341480000156
1719,1.5812891700000176
1720,1.718550241999992
1721,1.7996172660000465
1722,1.7645365940000435
1723,1.6949000280000213
1724,1.7757527760000216
1725,1.7305659039999945
1726,1.6467989420000428
1727,1.6509856100000107
1728,1.6084539140000451
1729,1.6271985920000365
1730,1.554974406000027
1731,1.471301530000022
1732,1.6515585700000337
1733,1.5649668820000562
1734,1.618316695999993
1735,1.606995184000035
1736,1.5811603580000066
1737,1.6569981040000628
1738,1.6507768760000374
1739,1.5979298740000392
1740,1.608636323999988
1741,1.5674015780000428
1742,1.6171156300000322
1743,1.592480910000047
1744,1.5436512740000286
1745,1.6281263319999995
1746,1.5333737840000117
1747,1.5591867600000064
1748,1.5905339639999783
1749,1.5253271700000215
1750,1.5556932800000167
1751,1.6334923100000243
1752,1.664118426000001
1753,1.631667457999999
1754,1.6361462260000217
1755,1.5569314680000046
1756,1.6179791640000385
1757,1.5545898660000046
1758,1.7405452260000054
1759,1.6734488340000375
1760,1.6205612740000455
1761,1.6762554700000052
1762,1.6331112640000267
1763,1.70012467600001
1764,1.6078892799999835
1765,1.6145292099999975
1766,1.8221448480000426
1767,1.6208611340000023
1768,1.6345341880000297
1769,1.6746614360000223
1770,1.6117305260000392
1771,1.634836222000007
1772,1.6525513459999974
1773,1.717166420000065
1774,1.7057254840000227
1775,1.5036526720000243
1776,1.5401138100000233
1777,1.6683078520000372
1778,1.5058772100000217
1779,1.6397266220000195
1780,1.6370483600000174
1781,1.658359598000052
1782,1.6999617060000147
1783,1.7151723320000123
1784,1.654819586000049
1785,1.5921031840000577
1786,1.5052231320000375
1787,1.5876718020000524
1788,1.7627907040000366
1789,1.6738114780000621
1790,1.592971014000033
1791,1.6701323360000653
1792,1.6822467060000392
1793,1.7669743060000798
1794,1.6560920220000774
1795,1.64183943800005
1796,1.6138559040000255
1797,1.6051402580000396
1798,1.6282649240000158
1799,1.5858071200000312
1800,1.5183205760000518
1801,1.685055158000024
1802,1.7421437960000485
1803,1.7403838440000683
1804,1.6344074300000355
1805,1.7400212080000266
1806,1.6711023860000096
1807,1.7903868720000649
1808,1.5758950780000691
1809,1.665483724000012
1810,1.6482301780000075
1811,1.6826733060000199
1812,1.6316067840000303
1813,1.6574405979999995
1814,1.815511656000033
1815,1.6120129760000435
1816,1.8102471180000321
1817,1.6634945580000071
1818,1.7329375539999958
1819,1.780385664000077
1820,1.7049267860000494
1821,1.6375652660000672
1822,1.783261102000018
1823,1.7163028660000545
1824,1.7316878000000593
1825,1.7862951460000787
1826,1.6919293720000141
1827,1.8144065500000384
1828,1.7493272560000193
1829,1.8460806880000291
1830,1.592784510000067
1831,1.7008428660000607
1832,1.7904015260000872
1833,1.8068860920000376
1834,1.7726176640000582
1835,1.7561364900000556
1836,1.7787507320000493
1837,1.796915666000065
1838,1.726920566000052
1839,1.8053965880000924
1840,1.8243178720000408
1841,1.8105634400000614
1842,1.7719513080000702
1843,1.590481224000011
1844,1.8341382340000578
1845,1.8281958760000538
1846,1.7435752460000622
1847,1.7561600000000646
1848,1.6928067200000818
1849,1.6645086180000448
1850,1.8128995960000704
1851,1.7819047320000572
1852,1.7076266240000848
1853,1.6862628020000734
1854,1.693036824000074
1855,1.6918826480000604
1856,1.8532312800000426
1857,1.762438142000051
1858,1.7889112940000593
1859,1.7023464300000501
1860,1.6703323560000705
1861,1.8680090760000525
1862,1.7242191500000725
1863,1.7644195280000432
1864,1.8064551960000366
1865,1.8194651640000494
1866,1.781807748000066
1867,1.7557305040000126
1868,1.7258885520000256
1869,1.9435678820000526
1870,1.6790483420000732
1871,1.7770914320000444
1872,1.7818304340000157
1873,1.7807459860000385
1874,1.7885887080000231
1875,1.957164994000049
1876,1.800008262000068
1877,1.7892607840000974
1878,1.9580707300000497
1879,1.672305368000093
1880,1.8228549960000386
1881,1.8107936200000285
1882,1.7389186160000403
1883,1.817724360000037
1884,1.8290295280000592
1885,1.8081818740000564
1886,1.9073937760000703
1887,1.745131254000063
1888,1.8159673080000793
1889,1.8577390620000365
1890,1.79430287600006
1891,1.7776067360000547
1892,1.8678712260000552
1893,1.6819853900000492
1894,1.8292169400000582
1895,1.8021963000000831
1896,1.7890522020000568
1897,1.7900313860000505
1898,1.6596536780000815
1899,1.7426935160000447
1900,1.8367375340000833
1901,1.7523362120000208
1902,1.7823634880000938
1903,1.7876096780000506
1904,1.6404012360000508
1905,1.8309712440000592
1906,1.7131373160000862
1907,1.7267391560000653
1908,1.763297304000071
1909,1.6380950440000497
1910,1.7312289360000577
1911,1.700654812000053
1912,1.7179050180000655
1913,1.6832171660000839
1914,1.641501672000052
1915,1.685473598000018
1916,1.699933674000036
1917,1.6552080620001064
1918,1.641036344000053
1919,1.5516083480000287
1920,1.5558857220000344
1921,1.4761717960000542
1922,1.6696789300000028
1923,1.6312784659999924
1924,1.7554742900000206
1925,1.6649948380000226
1926,1.6674972420000067
1927,1.6708141280000397
1928,1.6129501660000087
1929,1.735947974000038
1930,1.7117555740000068
1931,1.5974394680000414
1932,1.5713139320000202
1933,1.7176639440000543
1934,1.6504947719999952
1935,1.7298230119999936
1936,1.6932601160000327
1937,1.6557160399999926
1938,1.6973613580000002
1939,1.5601719479999865
1940,1.6397020800000184
1941,1.5615615019999907
1942,1.603797303999994
1943,1.8076729400000247
1944,1.6913910040000224
1945,1.704826176000036
1946,1.583751428000011
1947,1.7676389260000125
1948,1.678418480000019
1949,1.8068022139999762
1950,1.7634853140000217
1951,1.6395814780000162
1952,1.5881011000000256
1953,1.697243679999967
1954,1.7842507959999931
1955,1.7864327239999955
1956,1.621753035999984
1957,1.7970566019999665
1958,1.7412183879999965
1959,1.6867367399999988
1960,1.6012959420000228
1961,1.602266200000009
1962,1.8127712660000086
1963,1.680175886000006
1964,1.6701767200000073
1965,1.5793315659999863
1966,1.596622751999972
1967,1.5876201199999684
1968,1.6488803059999804
1969,1.6251952059999386
1970,1.6378544639999995
1971,1.6118799619999824
1972,1.6496714979999851
1973,1.5231186799999707
1974,1.6276572839999794
1975,1.6328013019999887
1976,1.7145723639999708
1977,1.5969168439999404
1978,1.6970517219999692
1979,1.7111395339999547
1980,1.722418683999969
1981,1.8432122839999643
1982,1.7189899659999863
1983,1.6539158319999772
1984,1.757271230000019
1985,1.7992355379999925
1986,1.6840606400000002
1987,1.7253741560000215
1988,1.784366295999975
1989,1.7552178799999507
1990,1.793870617999982
1991,1.7452792319999546
1992,1.6734037340000143
1993,1.7217393679999617
1994,1.7645117339999892
1995,1.6269103979999655
1996,1.674569149999985
1997,1.7814478420000015
1998,1.6309224479999762
1999,1.7653037179999398
2000,1.7707157759999468
2001,1.8810846339999543
2002,1.6954854859999724
2003,1.634376981999943
2004,1.6598925939999631
2005,1.7138018899999927
2006,1.5844638959999724
2007,1.5885807059999513
2008,1.671439959999974
2009,1.5927021599999902
2010,1.7872634079999727
2011,1.7590265039999984
2012,1.7525987039999524
2013,1.7137417099999517
2014,1.7742143879999528
2015,1.742211482
2016,1.8095190160000119
2017,1.9281806299999626
2018,1.939595177999962
2019,1.8366938519999778
2020,1.9329710279999546
2021,1.8477399779999317
2022,1.8213393899999275
2023,1.7250099499999716
2024,1.745620905999925
2025,1.816080385999954
2026,1.7230027319999142
2027,1.712899411999942
2028,1.719835301999946
2029,1.804539053999914
2030,1.6607285499999302
2031,1.7141456279999479
2032,1.7654281739999214
2033,1.6142868199999505
2034,1.640947785999971
2035,1.6152127659999826
2036,1.5588057059999616
2037,1.6283134119999798
2038,1.687670063999991
2039,1.7282613299999827
2040,1.6587582779999632
2041,1.6748022379999594
2042,1.7449027479999923
2043,1.6800834999999517
2044,1.850101201999972
2045,1.6709064719999756
2046,1.813021605999996
2047,1.7472223339999935
2048,1.7673583479999657
2049,1.6616321659999844
2050,1.8299914959999608
2051,1.731692194000005
2052,1.779739645999987
2053,1.7404480419999935
2054,1.7440969079999882
2055,1.837853389999968
2056,1.7123758659999577
2057,1.8355319959999683
2058,1.6988703999999832
2059,1.890613186000003
2060,1.729247227999977
2061,1.7009044879999902
2062,1.6195694899999769
2063,1.6935985779999505
2064,1.7649044319999831
2065,1.7303890179999293
2066,1.7116429499999561
2067,1.8592402299999655
2068,1.745650147999975
2069,1.790195311999998
2070,1.8296878559999552
2071,1.8007347539999685
2072,1.8053804479999336
2073,1.756114909999966
2074,1.6929962559999456
2075,1.7207702079999354
2076,1.6676762999999362
2077,1.7730899379999656
2078,1.6743765359999507
2079,1.6658895959999476
2080,1.735682311999969
2081,1.7025361779999493
2082,1.7185912819999305
2083,1.7568375319999376
2084,1.6921739459999707
2085,1.7379883939999494
2086,1.6836118479999773
2087,1.691816217999986
2088,1.599560155999984
2089,1.7643733479999788
2090,1.793993621999992
2091,1.7643073479999536
2092,1.797410695999968
2093,1.854556691999982
2094,1.8336371419999644
2095,1.7956857839999696
2096,1.7875040019999624
2097,1.738694561999976
2098,1.7947948899999624
2099,1.7432103279999425
2100,1.807898879999965
2101,1.887387177999966
2102,1.7098019559999766
2103,1.7252975379999835
2104,1.7545779059999724
2105,1.8493025879999703
2106,1.849688117999979
2107,1.808240565999948
2108,1.9053785019999971
2109,1.84756269599998
2110,1.7980072219999734
2111,1.6927443699999856
2112,1.7033514379999517
2113,1.8184433319999815
2114,1.8216026560000187
2115,1.8159331420000147
2116,1.819135110000034
2117,1.868142035999987
2118,1.8527511199999935
2119,1.8868924159999878
2120,1.8354698959999816
2121,1.7912748539999779
2122,1.9171370699999635
2123,1.9060095039999638
2124,1.8826526459999868
2125,1.8855040899999853
2126,1.902713821999957
2127,1.8200039579999494
2128,1.7785151579999472
2129,1.7254470979999545
2130,1.7635114659999473
2131,1.9001404059999683
2132,1.8473413539999761
2133,1.9459869279999744
2134,1.8410112099999942
2135,1.852948567999966
2136,1.7830757359999971
2137,1.9066883739999654
2138,1.9183356860000167
2139,1.7409341900000144
2140,1.91761699599998
2141,1.877106363999981
2142,1.9130303339999302
2143,1.9805298819999748
2144,1.8571403259999641
2145,1.8590638299999498
2146,1.9473107039999693
2147,1.9218317779999516
2148,1.9198056859999912
2149,1.9142338220000088
2150,1.9060962079999832
2151,1.8435318219999843
2152,1.9236670119999608
2153,1.886173333999972
2154,1.892585505999986
2155,1.862495105999944
2156,1.8505140339999837
2157,1.9209638539999574
2158,1.8930883379999752
2159,1.904952593999947
2160,1.9966360539999919
2161,1.8354766200000008
2162,1.9211512879999848
2163,1.8579304459999293
2164,2.0233701559999773
2165,1.904931813999977
2166,1.7119886159999975
2167,1.780486343999934
2168,1.849398585999955
2169,1.9877103679999575
2170,1.9020216759999762
2171,1.8539356979999646
2172,1.9054165819999505
2173,1.953094323999953
2174,1.82679732199996
2175,1.9707868239999815
2176,1.8445143539999798
2177,1.962068009999971
2178,1.889517487999992
2179,1.8519391059999357
2180,1.946850984000017
2181,1.895434889999987
2182,1.859025254000004
2183,1.8683327820000037
2184,1.8828007199999952
2185,1.9320081519999732
2186,1.8919840040000089
2187,1.8704030899999815
2188,1.9211875759999764
2189,1.866647636000014
2190,1.808566161999945
2191,1.7345580279999862
2192,1.920192043999993
2193,1.9008641679999982
2194,1.8327867580000134
2195,1.9032423659999644
2196,1.7755135879999706
2197,1.7508539600000141
2198,1.8296917599999674
2199,1.8618015539999846
2200,1.7584203839999546
2201,1.830727747999985
2202,1.717055207999989
2203,1.8306203399999752
2204,1.8688150159999808
2205,1.777906199999988
2206,1.798726359999958
2207,1.8777796439999996
2208,1.8808763859999857
2209,1.8406654579999817
2210,1.944275167999967
2211,1.7749984699999644
2212,1.8385928979999644
2213,1.914244847999975
2214,1.8255521019999812
2215,1.8070587520000103
2216,1.8634569219999577
2217,1.8275937599999459
2218,1.853536055999987
2219,1.9785541480000024
2220,1.8133893179999958
2221,1.7111214860000203
2222,1.6993517399999767
2223,1.7893472319999801
2224,1.7787063140000072
2225,1.7680598219999901
2226,1.7718429739999753
2227,1.897168447999973
2228,1.723389487999971
2229,1.847892860000013
2230,1.8600832560000047
2231,1.7876242639999962
2232,1.814641710000009
2233,1.8496324640000197
2234,1.7531667180000141
2235,1.8278128100000224
2236,1.81727317
2237,1.8266100860000598
2238,1.6942898680000318
2239,1.7986483240000073
2240,1.8608059999999995
2241,1.762681632000025
2242,1.722137668000041
2243,1.6560534040000128
2244,1.7306248100000274
2245,1.7140783340000312
2246,1.6934697300000234
2247,1.7562126000000198
2248,1.7373325660000316
2249,1.649645200000025
2250,1.63090600599999
2251,1.6512402060000664
2252,1.5949380500000099
2253,1.6665111060000082
2254,1.7041384759999656
2255,1.6235966120000378
2256,1.6702733140000525
2257,1.6080776720000187
2258,1.4992661040000255
2259,1.601797540000036
2260,1.5802795880000131
2261,1.5074604120000545
2262,1.6236624980000247
2263,1.5750472720000408
2264,1.5829902080000569
2265,1.5006846300000287
2266,1.4941659620000358
2267,1.7341798440000766
2268,1.6207813920000234
2269,1.577077462000036
2270,1.5591225740000336
2271,1.5780950620000156
2272,1.5043992000000306
2273,1.561622856000049
2274,1.4814122120000106
2275,1.611455100000039
2276,1.6665150220000016
2277,1.5261526480000165
2278,1.4735936859999899
2279,1.441153546000018
2280,1.523169026000042
2281,1.495140624000011
2282,1.3970256880000198
2283,1.623322768000022
2284,1.5707947460000327
2285,1.4981522260000135
2286,1.5720910980000191
2287,1.4470131820000076
2288,1.6316758320000435
2289,1.7122314720000233
2290,1.616207496000024
2291,1.6272660100000322
2292,1.819447852000082
2293,1.7201639100000587
2294,1.7684477279999868
2295,1.7589699020000094
2296,1.7838179600000248
2297,1.7967277260000003
2298,1.6761326119999898
2299,1.6428421880000155
2300,1.6120267380000342
2301,1.6472827620000174
2302,1.5190620400000565
2303,1.5783070760000606
2304,1.5102109380000095
2305,1.5879171320000274
2306,1.6305080760000212
2307,1.574606786000028
2308,1.6106715239999978
2309,1.5383272080000165
2310,1.5769565740000346
2311,1.593956249999997
2312,1.5750267860000222
2313,1.6645439640000206
2314,1.7833667020000021
2315,1.7028951660000469
2316,1.6129363740000315
2317,1.6185353880000353
2318,1.6598594580000416
2319,1.6454263380000023
2320,1.6962525100000114
2321,1.66772348400001
2322,1.7221914220000323
2323,1.613319099999999
2324,1.7311309559999977
2325,1.745952702000002
2326,1.6198287860000036
2327,1.5321808719999863
2328,1.5147190979999525
2329,1.742958185999992
2330,1.8112233859999893
2331,1.6845782619999958
2332,1.7462610759999553
2333,1.649706051999995
2334,1.6523826860000157
2335,1.6656630560000216
2336,1.7061782180000364
2337,1.569285905999982
2338,1.5922293960000355
2339,1.5845704520000181
2340,1.7067741200000206
2341,1.6545640220000024
2342,1.6173429759999958
2343,1.5969176940000063
2344,1.596604843999998
2345,1.6701172219999763
2346,1.5093737340000035
2347,1.6792954559999607
2348,1.5806523739999956
2349,1.6400560159999844
2350,1.7763258980000038
2351,1.5815352340000088
2352,1.7387334720000205
2353,1.6404401140000058
2354,1.7744386620000063
2355,1.6301020780000197
2356,1.684252177999945
2357,1.7105362480000033
2358,1.662824496000006
2359,1.6152634479999928
2360,1.5109610920000072
2361,1.5942596999999736
2362,1.5429943759999953
2363,1.6098825500000036
2364,1.5853942179999914
2365,1.5107020079999955
2366,1.5907855660000125
2367,1.5768626019999554
2368,1.7313513279999904
2369,1.7176743940000392
2370,1.6981137580000127
2371,1.6714977679999656
2372,1.865535576000017
2373,1.8232433879999774
2374,1.8461296099999935
2375,1.781605934000008
2376,1.7441298379999748
2377,1.879015081999991
2378,1.8714269499999816
2379,1.8540635679999684
2380,1.7498645399999924
2381,1.828918091999978
2382,1.7390294539999787
2383,1.8443557020000114
2384,1.7656203400000117
2385,1.6552892499999916
2386,1.6528178079999845
2387,1.837941344000018
2388,1.7197457939999872
2389,1.7194254479999806
2390,1.5814492900000277
2391,1.8039312400000143
2392,1.7285344679999848
2393,1.680818811999989
2394,1.6937286059999892
2395,1.7198085539999952
2396,1.7875684899999953
2397,1.7300857660000024
2398,1.7880965220000067
2399,1.7399260960000418
2400,1.7543710120000136
2401,1.7977993040000073
2402,1.7039177440000188
2403,1.6661201180000074
2404,1.7636164960000045
2405,1.7364690400000016
2406,1.6392322199999776
2407,1.6552813520000154
2408,1.757390343999998
2409,1.822969816000026
2410,1.7240746240000029
2411,1.7213497300000102
2412,1.763978254000009
2413,1.804015960000043
2414,1.7157663880000171
2415,1.732236149999973
2416,1.6510642680000267
2417,1.649947484000005
2418,1.6295948579999742
2419,1.6439519980000417
2420,1.7063045480000394
2421,1.7386298260000443
2422,1.6572576600000288
2423,1.695660316000016
2424,1.6480853159999742
2425,1.7326792560000073
2426,1.706613978000022
2427,1.8032051719999884
2428,1.674416309999991
2429,1.6156392160000332
2430,1.6365831860000402
2431,1.7848645800000118
2432,1.6760721380000265
2433,1.6904772140000257
2434,1.6638077940000116
2435,1.7784835119999998
2436,1.7310153999999756
2437,1.718138840000003
2438,1.7435255020000227
2439,1.7461665440000254
2440,1.768258310000006
2441,1.7899363220000208
2442,1.814900590000006
2443,1.7817871760000314
2444,1.7332633220000448
2445,1.767753412000046
2446,1.6867867480000378
2447,1.739891098000046
2448,1.7729197340000002
2449,1.7571880680000305
2450,1.7567208560000183
2451,1.6879198799999995
2452,1.6701293980000265
2453,1.5883792239999805
2454,1.7001061200000245
2455,1.7887585419999996
2456,1.787333373999975
2457,1.8074753699999868
2458,1.6307183479999885
2459,1.675607637999996
2460,1.6913110440000125
2461,1.6403337040000032
2462,1.6878797440000004
2463,1.6651456219999972
2464,1.6496570420000012
2465,1.7515519720000008
2466,1.7003468859999906
2467,1.7464984720000043
2468,1.7028055199999859
2469,1.8214483159999761
2470,1.7614200599999985
2471,1.8138315780000311
2472,1.7698269600000274
2473,1.8125551480000102
2474,1.680345797999998
2475,1.6848285700000099
2476,1.6911247520000305
2477,1.7678439940000068
2478,1.653948388000024
2479,1.767086481999991
2480,1.7582369920000418
2481,1.7657369020000147
2482,1.707013133999995
2483,1.6890770879999817
2484,1.6348183040000097
2485,1.6932057859999983
2486,1.718680196000042
2487,1.6170456680000034
2488,1.7296902440000175
2489,1.700581706000022
2490,1.742168080000015
2491,1.7221322000000239
2492,1.5943989640000056
2493,1.608176784000006
2494,1.8122868960000171
2495,1.6661069220000346
2496,1.7156478080000206
2497,1.7071852280000144
2498,1.7798882160000098
2499,1.7990524060000368
2500,1.7598698180000127
2501,1.777409850000009
2502,1.7172370039999874
2503,1.831005634000018
2504,1.810967185999992
2505,1.7542441940000164
2506,1.7964298779999766
2507,1.7749774340000202
2508,1.6857986920000243
2509,1.804318064000001
2510,1.659647450000028
2511,1.715635425999973
2512,1.72795589999998
2513,1.6616682040000086
2514,1.705923221999992
2515,1.6791986820000138
2516,1.691326672000013
2517,1.664952022000017
2518,1.7089686980000085
2519,1.625997029999975
2520,1.7433720839999765
2521,1.6859966219999876
2522,1.6589777859999977
2523,1.817988765999985
2524,1.6812136679999745
2525,1.6520147999999992
2526,1.7141485399999912
2527,1.6971259660000058
2528,1.7216226840000146
2529,1.617555264000028
2530,1.6564532799999943
2531,1.6231254159999644
2532,1.6528732079999606
2533,1.635502295999991
2534,1.651709673999968
2535,1.6015574899999627
2536,1.7131727599999855
2537,1.6896615200000054
2538,1.65059840599999
2539,1.648425992
2540,1.6135212579999902
2541,1.6183267880000194
2542,1.667733601999992
2543,1.5900280499999964
2544,1.6862105619999945
2545,1.6016554919999937
2546,1.533192560000003
2547,1.7637544020000306
2548,1.6675206440000025
2549,1.569612455999998
2550,1.692018089999987
2551,1.5962283900000096
2552,1.57901696800002
2553,1.8038931200000174
2554,1.7359495680000194
2555,1.6868636979999962
2556,1.7681386939999921
2557,1.6821249100000066
2558,1.6561683959999418
2559,1.7499822999999814
2560,1.5946693199999906
2561,1.6064221379999677
2562,1.5380637059999769
2563,1.6821462579999769
2564,1.7107791199999745
2565,1.7179734820000014
2566,1.6611303479999726
2567,1.7502190079999913
2568,1.6574462639999887
2569,1.7160468620000002
2570,1.713014683999976
2571,1.6874525199999835
2572,1.698439409999981
2573,1.7544014340000191
2574,1.7088456999999813
2575,1.653932919999963
2576,1.707714176000008
2577,1.6761936339999515
2578,1.7586231399999577
2579,1.7268628039999356
2580,1.8187173739999671
2581,1.7774494720000036
2582,1.7402140419999725
2583,1.7519594359999722
2584,1.7406414799999737
2585,1.707419373999968
2586,1.786391657999986
2587,1.723532513999966
2588,1.7418129079999733
2589,1.6622209659999363
2590,1.7689452239999646
2591,1.7644576739999842
2592,1.8114595079999152
2593,1.7477987819999452
2594,1.7021038579999683
2595,1.7870079979999964
2596,1.725315371999947
2597,1.6981049679999536
2598,1.7012044019999493
2599,1.7585585679999483
2600,1.697550667999952
2601,1.6885172059999753
2602,1.7006303139999759
2603,1.7755711479999636
2604,1.7189284839999488
2605,1.7518084039999504
2606,1.7363372219999618
2607,1.7852468919999698
2608,1.739518167999965
2609,1.759166271999968
2610,1.715585775999959
2611,1.5988085119999695
2612,1.6201400379999686
2613,1.5840084159999535
2614,1.5580948179999576
2615,1.7609295819999324
2616,1.647518981999958
2617,1.6495956239999423
2618,1.7176524239999225
2619,1.7517238779999578
2620,1.7346542759999786
2621,1.6392278459999374
2622,1.6593168599999686
2623,1.6787980299999572
2624,1.646425933999933
2625,1.719306311999953
2626,1.76392853399995
2627,1.6854536719999391
2628,1.7475986360000029
2629,1.6534341839999378
2630,1.7231476359999398
2631,1.7936359899999446
2632,1.6638009079999747
2633,1.7475828919999703
2634,1.6442691519999506
2635,1.7201006719999732
2636,1.6809083239999325
2637,1.6777423039999342
2638,1.7233247759999457
2639,1.7268602459999616
2640,1.6659962759999616
2641,1.7448971119999654
2642,1.6967755219999425
2643,1.7268449039999378
2644,1.6704594999999411
2645,1.6790295939999786
2646,1.6817523699999448
2647,1.686866283999926
2648,1.780364351999961
2649,1.6620126459999507
2650,1.749066003999955
2651,1.6888048619999463
2652,1.7720391459999507
2653,1.8191910919999366
2654,1.7606889119999458
2655,1.7510442659999235
2656,1.6707731899999145
2657,1.625283939999942
2658,1.7112429299999143
2659,1.6926145359999587
2660,1.5709521559999562
2661,1.6659973899999514
2662,1.73426366599994
2663,1.7075756279999907
2664,1.6218975199999641
2665,1.7763918439999848
2666,1.7847987879999572
2667,1.7029676219999779
2668,1.719131817999959
2669,1.70433490599994
2670,1.7222458479999367
2671,1.620070179999955
2672,1.6936850279999494
2673,1.7804538399999672
2674,1.7530991039999488
2675,1.6436647859999964
2676,1.6887458179999615
2677,1.7067791739999572
2678,1.7506085459999767
2679,1.7311369019999767
2680,1.7729322359999866
2681,1.7049406659999498
2682,1.760734093999965
2683,1.6017800419999983
2684,1.6475214499999602
2685,1.590221575999946
2686,1.7800354159999277
2687,1.7089333219999436
2688,1.7631948539999853
2689,1.6909153719999748
2690,1.758057743999979
2691,1.646474057999987
2692,1.6170322139999294
2693,1.7445376779999535
2694,1.8231372459999573
2695,1.725620353999964
2696,1.7115254319999895
2697,1.7287106319999634
2698,1.7517794459999525
2699,1.7315256779999721
2700,1.7451834699999935
2701,1.8200621599999642
2702,1.7781173360000004
2703,1.7267026619999861
2704,1.7644616419999657
2705,1.8405690199999867
2706,1.7563744299999804
2707,1.6857675639999805
2708,1.7485226459999523
2709,1.84201872399997
2710,1.7623146539999546
2711,1.717535463999953
2712,1.6705635939999695
2713,1.7066986059999412
2714,1.6757760879999761
2715,1.6681889179999623
2716,1.599903795999995
2717,1.7165035219999436
2718,1.741734389999965
2719,1.7836941439999385
2720,1.6516926159999623
2721,1.622787523999969
2722,1.7414481959999641
2723,1.6803868859999493
2724,1.671717803999977
2725,1.6442487919999582
2726,1.6793565839999292
2727,1.7333755959999528
2728,1.6948012299999824
2729,1.6907666499999194
2730,1.7328454319999853
2731,1.8016913919999666
2732,1.6404222299999738
2733,1.7099343419999833
2734,1.7506521859999946
2735,1.708501163999936
2736,1.6237297459999378
2737,1.767963657999978
2738,1.7437988539999627
2739,1.635953015999958
2740,1.6859582119999428
2741,1.5727885739999214
2742,1.636464681999954
2743,1.7244092219999494
2744,1.7430678759999771
2745,1.6842462099999533
2746,1.7108785699999562
2747,1.7001370919999559
2748,1.926366843999969
2749,1.8005299539999655
2750,1.7324866099999792
2751,1.8234283199999488
2752,1.7557160619999745
2753,1.6906624859999742
2754,1.771132803999982
2755,1.7298410279999608
2756,1.7397762139999664
2757,1.6872277219999887
2758,1.7158295159999468
2759,1.7595006839999925
2760,1.735566055999973
2761,1.8058058499999685
2762,1.642893135999963
2763,1.7179788319999378
2764,1.6944241659999861
2765,1.7709300179999943
2766,1.7342364419999878
2767,1.6645934459999712
2768,1.7867200419999605
2769,1.7179825539999616
2770,1.7241361099999828
2771,1.7092657399999787
2772,1.7680176839999853
2773,1.71919517199997
2774,1.782553983999975
2775,1.7947987799999645
2776,1.8123916559999564
2777,1.8489891119999502
2778,1.707290581999974
2779,1.6295554039999516
2780,1.8328838639999525
2781,1.7438673339999553
2782,1.765260251999976
2783,1.8647059139999513
2784,1.8126302699999777
2785,1.7581749939999636
2786,1.8543177079999709
2787,1.8127317419999536
2788,1.8468311419999714
2789,1.908575273999982
2790,1.7929777759999777
2791,1.7553621639999495
2792,1.7837162259999715
2793,1.6982398459999626
2794,1.8451068259999601
2795,1.819653249999962
2796,1.7416171299999441
2797,1.7448069819999603
2798,1.726620365999958
2799,1.7507993359999752
2800,1.6954103799999445
2801,1.7203178259999639
2802,1.7781340019999845
2803,1.8085047339999516
2804,1.6093539319999508
2805,1.8274566319999508
2806,1.7282754279999721
2807,1.733332087999986
2808,1.7090253439999792
2809,1.6685671259999602
2810,1.723940787999996
2811,1.7196376559999613
2812,1.697224093999963
2813,1.619324593999987
2814,1.5804997259999665
2815,1.623470717999973
2816,1.6615804759999975
2817,1.6715441759999863
2818,1.7264506139999636
2819,1.584862213999978
2820,1.7558127219999786
2821,1.6967058479999775
2822,1.6861106739999834
2823,1.7891647879999795
2824,1.760635137999964
2825,1.80771135199997
2826,1.8196760779999632
2827,1.7474483459999934
2828,1.7888524899999592
2829,1.7701366259999496
2830,1.7751654979999465
2831,1.8951804879999834
2832,1.8542868079999941
2833,1.8653224359999812
2834,1.8143454059999709
2835,1.7951359739999753
2836,1.8730624279999695
2837,1.8461006939999571
2838,1.7613581419999402
2839,1.8451310239999195
2840,1.7182491499999664
2841,1.7384685479999362
2842,1.8874149839999397
2843,1.8388255339999482
2844,1.847748055999956
2845,1.9817351559999619
2846,1.8671481979999438
2847,1.7463037279999583
2848,1.7937555539999561
2849,1.9674247759999772
2850,1.866172275999962
2851,1.798223931999976
2852,1.8712571599999528
2853,1.8312960059999739
2854,1.8177233599999454
2855,1.8796420939999912
2856,1.8422047219999669
2857,1.849508691999975
2858,1.7515072739999482
2859,1.7580506919999686
2860,1.7984263019999958
2861,1.7626057079999982
2862,1.7164710720000322
2863,1.758855667999977
2864,1.755715989999964
2865,1.6692174759999734
2866,1.7930619759999988
2867,1.8685617939999901
2868,1.7672160739999754
2869,1.7972297639999766
2870,1.8078449719999945
2871,1.8730271680000008
2872,1.7937221619999733
2873,1.8277576299999865
2874,1.9500846279999926
2875,1.9284393719999613
2876,1.8080615060000007
2877,1.884768091999982
2878,1.7787152359999858
2879,1.8132719279999687
2880,1.7594078799999437
2881,1.909546133999953
2882,1.8630127819999622
2883,1.9066952199999854
2884,1.8158524939999765
2885,1.7811077740000016
2886,1.7682965879999692
2887,1.8754963539999636
2888,1.903235263999985
2889,1.9542708479999369
2890,1.9357069259999584
2891,1.9399545419999598
2892,1.8033814419999494
2893,1.9145208879999664
2894,1.9804845519999639
2895,1.815063207999956
2896,1.8495849179999582
2897,1.8611817119999465
2898,1.8768364779999793
2899,1.932017669999975
2900,1.9239305999999836
2901,1.8901591259999684
2902,1.8633802959999677
2903,1.8423931219999858
2904,1.9707587399999937
2905,1.8505071179999977
2906,1.8344200419999936
2907,1.876384333999983
2908,1.8989120080000177
2909,1.817710145999967
2910,1.8337341539999976
2911,1.8383164819999778
2912,1.7647489679999715
2913,1.7866065759999739
2914,1.7709357340000231
2915,1.7341446979999773
2916,1.7900951499999795
2917,1.8870627519999992
2918,1.9460829539999924
2919,1.7969171339999868
2920,1.8170276719999776
2921,1.8886295540000209
2922,1.814391597999969
2923,1.8335364559999732
2924,1.7246014280000075
2925,1.9365668439999961
2926,1.8656560459999927
2927,1.7686230759999908
2928,1.79608486199998
2929,1.685531020000002
2930,1.6732266460000211
2931,1.8331623259999887
2932,1.8301257159999864
2933,1.7724005379999674
2934,1.7550265639999771
2935,1.8014152759999782
2936,1.7679077259999154
2937,1.8667809999999598
2938,1.835778787999942
2939,1.854239183999944
2940,1.7538537579999727
2941,1.8673873919999593
2942,1.9155276040000047
2943,1.890837108000003
2944,1.7806229880000088
2945,1.8349595099999938
2946,1.8512609499999577
2947,1.7760114220000034
2948,1.8091622399999618
2949,1.8080045179999882
2950,1.9013616659999766
2951,1.7611127519999534
2952,1.7135835619999895
2953,1.8673229979999697
2954,1.815242169999971
2955,1.7477456379999867
2956,1.695423617999996
2957,1.7809731319999922
2958,1.7375235239999534
2959,1.962092079999982
2960,1.8724555799999987
2961,1.8008659959999918
2962,1.9340760899999854
2963,1.8772770179999612
2964,1.8853141620000138
2965,1.869023282
2966,1.795228251999994
2967,1.9134686259999831
2968,1.8571341419999499
2969,1.9106256440000013
2970,1.9105808719999562
2971,1.8397842919999932
2972,1.8328622599999946
2973,1.9108420119999803
2974,1.8684040319999706
2975,1.677632501999988
2976,1.80383659599999
2977,1.8940615199999697
2978,1.9452821459999736
2979,1.8884803539999553
2980,1.8586566799999815
2981,1.948766253999974
2982,1.870730707999946
2983,1.8397369659999985
2984,2.0029937459999925
2985,1.8727999979999808
2986,1.8653978899999935
2987,1.8576732659999529
2988,1.8287150239999896
2989,1.8921989339999712
2990,1.9252601759999965
2991,1.8638116079999723
2992,1.8556561940000151
2993,1.8902871999999824
2994,1.8689730299999894
2995,1.906062855999986
2996,1.8330912779999806
2997,1.9090789939999997
2998,1.9199932440000023
2999,1.8378105659999597
3000,1.8447926779999648
3001,1.9092300220000034
3002,1.7597274579999667
3003,1.8804310279999605
3004,1.8544496759999738
3005,1.8402103779999954
3006,1.7838041379999623
3007,1.8179525359999804
3008,1.90508219999999
3009,1.8335499000000066
3010,1.8777510519999872
3011,1.8575113200000004
3012,1.942617966000002
3013,1.8542728360000194
3014,1.8309735660000115
3015,1.868717490000007
3016,1.8563386060000209
3017,1.8001405239999932
3018,1.7973717999999963
3019,1.7950171699999906
3020,1.767352195999976
3021,1.8113843420000197
3022,1.7704074400000103
3023,1.7966844699999698
3024,1.8465189279999894
3025,1.759904178
3026,1.8284324780000016
3027,1.77543178600001
3028,1.7627776859999766
3029,1.7346610799999909
3030,1.8160225080000103
3031,1.7079197319999786
3032,1.7962989839999555
3033,1.7016273659999737
3034,1.6976324659999786
3035,1.734611687999985
3036,1.658407941999971
3037,1.7732663019999784
3038,1.792330989999953
3039,1.772052047999999
3040,1.8188178799999968
3041,1.8510724519999489
3042,1.7521579119999853
3043,1.7281104799999667
3044,1.7263906799999738
3045,1.821553723999958
3046,1.7502173559999457
3047,1.7286479039999425
3048,1.744441597999955
3049,1.8029843079999908
3050,1.708879597999968
3051,1.7346888599999577
3052,1.7841169199999984
3053,1.7513337859999845
3054,1.7126563519999771
3055,1.7642671479999894
3056,1.73694837
3057,1.7672977199999895
3058,1.8074245619999973
3059,1.8221494739999877
3060,1.7598060059999951
3061,1.7531800860000146
3062,1.8429285220000158
3063,1.696213005999987
3064,1.7050401360000111
3065,1.738335161999982
3066,1.7202660619999974
3067,1.5152153619999753
3068,1.7273755839999994
3069,1.789501215999978
3070,1.6406068279999488
3071,1.7230834859999924
3072,1.8548957899999774
3073,1.7751196519999923
3074,1.7368674600000045
3075,1.7636715979999806
3076,1.7395289819999824
3077,1.7047495719999617
3078,1.7474889799999738
3079,1.714672431999953
3080,1.8509788439999864
3081,1.755169909999981
3082,1.7640221239999712
3083,1.7273413859999653
3084,1.7471147799999787
3085,1.720652990000002
3086,1.857136091999969
3087,1.7996574219999961
3088,1.7347482019999916
3089,1.7611348220000032
3090,1.6629621560000185
3091,1.6519826939999849
3092,1.7217115959999993
3093,1.7491620500000196
3094,1.8070447199999997
3095,1.7986318660000087
3096,1.8063107959999811
3097,1.7361241240000027
3098,1.677168719999966
3099,1.811277142000001
3100,1.8301873759999765
3101,1.919835098
3102,1.7841822979999833
3103,1.7465619139999689
3104,1.8330018259999825
3105,1.833607783999969
3106,1.7644394279999573
3107,1.7985130359999821
3108,1.7589817419999854
3109,1.8121144559999933
3110,1.7808972959999902
3111,1.7742607899999683
3112,1.7626614939999752
3113,1.6821967719999442
3114,1.7503142019999807
3115,1.6779505099999483
3116,1.7862009779999433
3117,1.7999052579999297
3118,1.7644546899999702
3119,1.7894757919999769
3120,1.7844336619999843
3121,1.8342744959999702
3122,1.7193860999999733
3123,1.8888228379999794
3124,1.8496281819999738
3125,1.8399426679999962
3126,1.8377829579999783
3127,1.7200189600000027
3128,1.80264834799998
3129,1.8547277819999675
3130,1.726277125999982
3131,1.7908239839999538
3132,1.806759551999977
3133,1.7202850679999404
3134,1.8120422979999962
3135,1.7796015859999748
3136,1.803294380000029
3137,1.6842148700000137
3138,1.754932947999992
3139,1.7240824560000134
3140,1.7121027620000095
3141,1.7211394800000022
3142,1.7367817119999907
3143,1.72685284799998
3144,1.7098959039999564
3145,1.790466169999989
3146,1.7804708400000013
3147,1.7925320599999583
3148,1.80705658999996
3149,1.7557744239999764
3150,1.7386446539999902
3151,1.7967439119999582
3152,1.8670436020000114
3153,1.9560201839999714
3154,1.8843196839999756
3155,1.8531206479999753
3156,1.9159787319999786
3157,1.757411727999969
3158,1.8558863359999322
3159,1.7987414659999288
3160,1.9054950479999722
3161,1.8351484340000024
3162,1.6266938559999964
3163,1.8879421899999982
3164,1.7918532579999535
3165,1.7171740560000082
3166,1.737893241999997
3167,1.736125097999992
3168,1.7668073279999619
3169,1.8955405459999852
3170,1.751783043999966
3171,1.824192553999957
3172,1.7020764379999598
3173,1.7906446999999481
3174,1.7115239899999568
3175,1.6598985579999215
3176,1.7349866279999304
3177,1.6391455879999348
3178,1.6888119899999743
3179,1.6263046779999435
3180,1.7111781379999378
3181,1.6874268139999749
3182,1.7641726959999193
3183,1.7436532159999296
3184,1.7448973379999422
3185,1.7277700539999752
3186,1.7753807179999437
3187,1.7272237799999401
3188,1.8454530859999951
3189,1.7371898119999574
3190,1.6224243699999774
3191,1.6674740799999488
3192,1.896945265999981
3193,1.765273855999936
3194,1.6770902219999684
3195,1.683582571999964
3196,1.6714596359999656
3197,1.7646655539999423
3198,1.6660747479999505
3199,1.5981252059999895
3200,1.5902131339999737
3201,1.6595631819999923
3202,1.6751455980000032
3203,1.61057146199999
3204,1.7315330819999943
3205,1.6863433219999724
3206,1.6094074860000052
3207,1.584975289999948
3208,1.5612226220000092
3209,1.6126543980000463
3210,1.544189047999991
3211,1.6813419679999986
3212,1.6697551239999786
3213,1.556014384000024
3214,1.6481636499999788
3215,1.5946757160000002
3216,1.5856792939999909
3217,1.56244741399999
3218,1.602705907999966
3219,1.6603471619999932
3220,1.6229804299999409
3221,1.6151483099999653
3222,1.6045541299999797
3223,1.5892337659999711
3224,1.7065082639999551
3225,1.649125201999975
3226,1.7038277959999704
3227,1.5768386239999677
3228,1.7264009179999462
3229,1.7184395359999982
3230,1.8141364959999673
3231,1.702637093999948
3232,1.7454424239999278
3233,1.7165712099999553
3234,1.6643462939999654
3235,1.700505677999957
3236,1.6966988679999908
3237,1.6370504699999766
3238,1.75940464400002
3239,1.692908567999951
3240,1.700342753999935
3241,1.6516078179999738
3242,1.7537969219999527
3243,1.6456401239999743
3244,1.641446623999967
3245,1.5720881799999464
3246,1.6284516379999636
3247,1.6185416739999603
3248,1.6205030719999836
3249,1.590293331999959
3250,1.703796715999988
3251,1.6513763839999451
3252,1.6841804119999537
3253,1.776557911999952
3254,1.7349826999999607
3255,1.6819843559999104
3256,1.6239665679999369
3257,1.7254816879999524
3258,1.7222745299999431
3259,1.7786766259999531
3260,1.7985261039999467
3261,1.8589953639999692
3262,1.6934023179999393
3263,1.697723159999971
3264,1.7367458679999224
3265,1.7862998079999381
3266,1.7811284579999476
3267,1.741764919999951
3268,1.76383458199999
3269,1.831878043999946
3270,1.7481120059999555
3271,1.8750869899999345
3272,1.8158822079999815
3273,1.7846551499999699
3274,1.8637471819999818
3275,1.6707983379999924
3276,1.7347527079999292
3277,1.7106700339999725
3278,1.6872457499999705
3279,1.6708620599999358
3280,1.6796569379999826
3281,1.663034587999963
3282,1.7578014759999718
3283,1.7268757539999904
3284,1.7534478079999396
3285,1.6429560379999653
3286,1.711248023999947
3287,1.7325201079999708
3288,1.8349734819999775
3289,1.7874269099999185
3290,1.8525459099999608
3291,1.7536308639999512
3292,1.8118092619999437
3293,1.7270467199999717
3294,1.8519690879999584
3295,1.7799154099999726
3296,1.7553680099999447
3297,1.7439456099999506
3298,1.7453935979999868
3299,1.8166969339999528
3300,1.7882732659999578
3301,1.8141021139999716
3302,1.8543690659999477
3303,1.836560219999972
3304,1.7766489859999712
3305,1.8498086899999833
3306,1.7912457799999526
3307,1.789824049999971
3308,1.806767068000017
3309,1.7568513419999257
3310,1.7221097359999369
3311,1.700049729999955
3312,1.7508266179999545
3313,1.7467779939999553
3314,1.8240888099999395
3315,1.6493066939999568
3316,1.7591871919999533
3317,1.7328987359999615
3318,1.7532575019999652
3319,1.7581416499999336
3320,1.7629087639999377
3321,1.7170722139999395
3322,1.7483988279999216
3323,1.7419589199999443
3324,1.72756265399993
3325,1.7283527879999603
3326,1.7434027399999485
3327,1.7603977779999667
3328,1.8190433939999593
3329,1.8313196959999758
3330,1.7582359439999664
3331,1.743741827999972
3332,1.8817276719999687
3333,1.833317659999949
3334,1.7095488439999795
3335,1.9477530279999744
3336,1.7529018139999564
3337,1.6842450059999734
3338,1.6595672499999559
3339,1.8168883859999974
3340,1.710727385999975
3341,1.7489822939999697
3342,1.8126587739999844
3343,1.6306705419999723
3344,1.8125034559999917
3345,1.6901225759999972
3346,1.6707441259999611
3347,1.5734347959999706
3348,1.6987097239999849
3349,1.6494888139999688
3350,1.6588606679999796
3351,1.6975810779999745
3352,1.6045307419999724
3353,1.6016422939999653
3354,1.585445207999956
3355,1.6488213779999916
3356,1.576769191999976
3357,1.6544540639999774
3358,1.6308671119999474
3359,1.6813713599999702
3360,1.668123355999991
3361,1.6781256679999679
3362,1.6670447719999815
3363,1.6812228179999433
3364,1.7893170539999592
3365,1.7338142659999445
3366,1.7464013979999682
3367,1.7116773999999801
3368,1.6284357359999557
3369,1.6829957079999858
3370,1.7131286739999532
3371,1.6742598279999776
3372,1.6545831539999647
3373,1.6881248639999804
3374,1.6810672119999848
3375,1.6385338539999927
3376,1.5773719019999866
3377,1.7761196059999573
3378,1.7736107519999655
3379,1.7080973179999994
3380,1.7957636419999858
3381,1.7341616819999792
3382,1.6450964319999706
3383,1.7658219440000011
3384,1.6236042039999687
3385,1.7443972719999845
3386,1.7610420339999688
3387,1.7354175799999516
3388,1.628244699999979
3389,1.686874947999972
3390,1.7095894139999679
3391,1.6859160119999839
3392,1.7380638819999827
3393,1.6865590379999507
3394,1.7022796279999408
3395,1.7105604639999548
3396,1.7885757239999989
3397,1.790977715999982
3398,1.7846135839999833
3399,1.7453750039999538
3400,1.756885113999962
3401,1.7645885620000024
3402,1.7690503119999732
3403,1.6979694399999734
3404,1.9166288759999772
3405,1.7104975359999686
3406,1.6843022459999488
3407,1.7650879999999745
3408,1.8258668679999701
3409,1.7296802879999995
3410,1.75739926199997
3411,1.6704687179999709
3412,1.7476603579999561
3413,1.804009953999961
3414,1.8740684619999892
3415,1.7932637839999763
3416,1.840992802000003
3417,1.8091115479999753
3418,1.8411100539999659
3419,1.7843278779999714
3420,1.8945391979999826
3421,1.8466706699999857
3422,1.7939178699999725
3423,1.7133468819999664
3424,1.8169587719999747
3425,1.6557041019999688
3426,1.740829033999973
3427,1.7255459139999885
3428,1.7767284699999775
3429,1.7285586519999676
3430,1.8406591319999688
3431,1.769999512
3432,1.7600335600000072
3433,1.8520435099999433
3434,1.697844719999977
3435,1.6927124599999854
3436,1.7754667679999692
3437,1.8283927619999794
3438,1.8111142619999732
3439,1.8107005419999787
3440,1.790242391999999
3441,1.918834675999981
3442,1.909085837999975
3443,1.8423548360000155
3444,1.8284431219999988
3445,1.9050922520000069
3446,1.9244153499999617
3447,1.877174657999987
3448,1.9700020559999731
3449,1.9685264179999984
3450,1.9585690040000039
3451,1.9822074220000019
3452,1.9079108740000095
3453,1.8062958459999923
3454,1.960977612000001
3455,1.8354758559999884
3456,1.929271071999974
3457,1.936583013999971
3458,1.944814427999999
3459,1.935726881999966
3460,1.9463346799999837
3461,1.99449670999998
3462,1.968879410000013
3463,1.8556340359999557
3464,1.9128265419999724
3465,1.8605323239999527
3466,1.901586029999973
3467,1.8692867419999648
3468,1.963544541999984
3469,1.931115779999977
3470,1.940960947999979
3471,1.9429749479999714
3472,1.8935409659999536
3473,1.8762845799999717
3474,1.9168883379999868
3475,1.9364016299999798
3476,1.907726926000004
3477,1.9157128539999735
3478,1.9735927219999596
3479,1.9565855479999805
3480,2.007569771999982
3481,2.0553422859999615
3482,1.983443751999987
3483,1.9329570560000042
3484,2.0309966459999806
3485,2.081109235999974
3486,2.009056221999972
3487,2.0422123699999672
3488,1.922650541999986
3489,1.97575946400002
3490,1.9107205759999868
3491,1.9402535979999633
3492,1.9127509219999836
3493,1.8933295059999586
3494,1.9727669119999658
3495,1.9218496919999637
3496,1.9278922619999725
3497,1.8911472939999683
3498,1.9713409159999487
3499,1.9367473779999589
3500,1.889636895999971
3501,1.8580383279999624
3502,1.941242637999927
3503,1.9582463799999683
3504,1.901864423999955
3505,1.9449320839999351
3506,1.9814616839999608
3507,1.880352047999978
3508,1.9434072119999477
3509,2.0233874079999725
3510,2.0050084219999342
3511,1.9886933559999378
3512,2.036187167999941
3513,2.0289104519999657
3514,2.01422658799995
3515,1.9718466739999951
3516,2.004511531999964
3517,1.9292827079999686
3518,2.0385460799999433
3519,1.9338674319999716
3520,2.015097985999963
3521,1.9681488699999505
3522,2.0533847479999623
3523,1.97015903599995
3524,1.9291297779999605
3525,2.0357215179999333
3526,1.941685691999988
3527,1.9851589819999347
3528,2.003395181999965
3529,1.958043175999982
3530,2.0542713919999533
3531,1.9425467879999438
3532,1.9209499499999683
3533,1.9354234879999699
3534,1.8699733239999674
3535,1.9540621059999697
3536,1.9056514819999968
3537,1.8805463359999621
3538,1.882717179999931
3539,1.9157363599999666
3540,1.8820888279999592
3541,1.9934062079999748
3542,1.9237596699999628
3543,1.9274114959999733
3544,1.977270919999965
3545,1.9063649899999824
3546,1.8661743099999861
3547,1.8496471419999594
3548,1.8894808259999807
3549,1.8382513319999603
3550,1.8689782079999429
3551,1.9820341499999672
3552,1.9226148039999735
3553,1.858540743999988
3554,1.9033248539999614
3555,1.952547027999978
3556,1.9166422699999708
3557,1.8648267039999755
3558,1.91341518199996
3559,1.906297421999994
3560,1.9468761659999736
3561,1.886958957999978
3562,1.935421029999962
3563,1.8290111099999649
3564,1.933135147999956
3565,1.877970835999929
3566,1.959618877999936
3567,1.9803756419999274
3568,1.8964240479999783
3569,1.905252571999958
3570,1.908017721999924
3571,1.9122190739999254
3572,1.8151231159999615
3573,1.9264096979999223
3574,1.9140257279999329
3575,1.9190815179999432
3576,1.8471218639999478
3577,2.0275277859999075
3578,1.956700471999937
3579,1.9392855739999448
3580,1.9169822639999157
3581,2.0302484899999307
3582,1.9469663039999374
3583,1.862548609999941
3584,1.867616321999943
3585,1.869375689999955
3586,1.8996650379999491
3587,1.9505478059999337
3588,2.0073204159999314
3589,1.9571859499999398
3590,1.8656077339999655
3591,1.8974492219999028
3592,1.9146891359999565
3593,1.898400623999914
3594,1.9320190979999285
3595,1.9336957259999068
3596,1.9485371719998867
3597,1.9531997019999103
3598,1.9222216779999268
3599,1.9462909059999234
3600,1.9518477419999503
3601,1.94845911999995
3602,1.9462865299999454
3603,1.8994258479999604
3604,1.899911623999968
3605,1.837072231999961
3606,1.9612756899999684
3607,1.8097584219999363
3608,1.9909717579999575
3609,1.9484255439999387
3610,1.8984059899999761
3611,1.9283429819999376
3612,1.937021861999937
3613,1.9217755859999563
3614,1.8419896299999472
3615,1.9434062379999382
3616,1.9971972679999594
3617,1.9188789079999236
3618,1.8371751819999727
3619,1.849108469999956
3620,1.8367788559999454
3621,1.9220334879999748
3622,1.8457916719999479
3623,1.9241244559999426
3624,1.8624242759999654
3625,1.8824945359999479
3626,1.92867423799993
3627,1.896319895999912
3628,1.8307082479999282
3629,1.8617820459999135
3630,1.8102957359999228
3631,1.9226097639998918
3632,1.839284325999899
3633,1.7608243039999238
3634,1.8870521779999059
3635,1.9789956419998966
3636,1.8459797799999245
3637,1.906757669999919
3638,1.8702254899999147
3639,1.7986987079999175
3640,1.8181498319999334
3641,1.8235594899999197
3642,1.8358142679999332
3643,1.881256513999925
3644,1.839107155999924
3645,1.9353949239999158
3646,1.851610997999935
3647,1.8136711859999344
3648,1.890656743999919
3649,1.9959835979999352
3650,1.8985951259999023
3651,1.917939899999905
3652,2.000379775999934
3653,1.8932787519999184
3654,1.9716417899999563
3655,1.9425449359999214
3656,1.875864729999961
3657,1.9560103519999437
3658,1.883199957999939
3659,1.975039699999943
3660,1.9655504499999352
3661,1.9866508439999244
3662,1.9611648459999476
3663,1.9261752139999433
3664,1.9883081059999121
3665,1.8825774099999215
3666,1.9039485219999097
3667,1.9240758319998963
3668,1.9086743559999242
3669,1.9521741219999142
3670,1.8839015019999406
3671,1.8123485619999393
3672,1.9320987759999064
3673,1.7606844419999401
3674,1.7531767679999155
3675,1.7423278799999053
3676,1.813036923999953
3677,1.8209055179999667
3678,1.9465350599999076
3679,1.8964165759999307
3680,1.8561880799999475
3681,1.902281317999952
3682,1.8322886159999285
3683,1.7869560959999364
3684,1.930769453999941
3685,1.8444785959999188
3686,1.8907961719999267
3687,1.8020077619999555
3688,1.7571130279999436
3689,1.8498318979999475
3690,1.7963622139999469
3691,1.8645219639999522
3692,1.778412821999926
3693,1.81734732999995
3694,1.7767959999999405
3695,1.730452111999967
3696,1.7669755579999502
3697,1.8444603199999634
3698,1.865555477999985
3699,1.8284841639999794
3700,1.8593286979999601
3701,1.795783707999954
3702,1.8233379659999494
3703,1.8785546499999526
3704,1.944952053999971
3705,1.8780008459999522
3706,1.8182609919999737
3707,1.8925358919999582
3708,1.9330626779999438
3709,1.8095912499999067
3710,1.7720500979999465
3711,1.7619889599999758
3712,1.8586433759999466
3713,1.8305101019999293
3714,1.8415626839999266
3715,1.903965863999946
3716,1.8768031619999426
3717,1.9389913999999344
3718,1.7616006399999296
3719,1.9249487879999516
3720,1.965958289999905
3721,1.8715029819999618
3722,1.9642421299999533
3723,1.8986572159999369
3724,1.9132644799999254
3725,1.931761525999942
3726,1.8484819339999568
3727,1.9044380559999177
3728,2.0261928919999184
3729,1.9542469019999342
3730,1.839582191999929
3731,1.9633689699999521
3732,1.8137163719999516
3733,1.8739543059999408
3734,1.868134603999976
3735,1.9085532999999288
3736,1.8697995919999457
3737,1.8407984019999568
3738,1.9387033999999481
3739,1.8377449139999702
3740,1.7796898039999398
3741,1.7905872379999586
3742,1.7949810919999631
3743,1.8181039319999706
3744,1.7381628579999784
3745,1.776837263999966
3746,1.6720843719999823
3747,1.8302119879999743
3748,1.6802940259999821
3749,1.8768419439999782
3750,1.8538828899999404
3751,1.8011292519999735
3752,1.7945462919999944
3753,1.8567327079999572
3754,1.9101311279999589
3755,1.9459918439999413
3756,1.86965297199996
3757,1.9140828119999864
3758,1.8233488279999466
3759,1.8935563839999703
3760,1.9116848579999512
3761,1.7468693099999655
3762,1.7656176519999445
3763,1.7962167959999498
3764,1.6793133559999383
3765,1.764944509999944
3766,1.8335639319999195
3767,1.8576839579999316
3768,1.7560177079999348
3769,1.8080187159999503
3770,1.7191940459999322
3771,1.7639363579999334
3772,1.8471194679999712
3773,1.818128613999925
3774,1.7746651119999401
3775,1.7936134019999361
3776,1.8161976239999422
3777,1.6399335319999575
3778,1.7782985079999534
3779,1.8251458639999196
3780,1.7772247339999758
3781,1.8081611599999505
3782,1.8446070199999531
3783,1.8337827699999565
3784,1.7383637939999663
3785,1.6954114879999405
3786,1.8446141959999451
3787,1.7556943139999714
3788,1.832308357999981
3789,1.8071692119999905
3790,1.7998524219999656
3791,1.815759729999964
3792,1.9022161219999423
3793,1.8687747359999585
3794,1.6748852619999568
3795,1.821999441999942
3796,1.7696843099999815
3797,1.7141642419999559
3798,1.783670455999944
3799,1.7517102899999326
3800,1.7655157639999473
3801,1.8571050379999665
3802,1.7726068319999633
3803,1.7161290619999647
3804,1.7952665999999475
3805,1.926348271999967
3806,1.8636075199999635
3807,1.8592405299999348
3808,1.8335544719999786
3809,1.8325328179999765
3810,1.8195694359999635
3811,1.8240429279999693
3812,1.79404859599996
3813,1.7299311659999428
3814,1.781238643999994
3815,1.802973611999952
3816,1.819228759999976
3817,1.8018188319999637
3818,1.8491505899999816
3819,1.813512367999961
3820,1.8081407399999505
3821,1.8076518179999645
3822,1.750618221999929
3823,1.7869123799999564
3824,1.8237097599999696
3825,1.7767932999999658
3826,1.721860483999982
3827,1.8385040739999692
3828,1.82164991599997
3829,1.8403209639999685
3830,1.775972503999943
3831,1.7617081439999673
3832,1.7087380979999711
3833,1.8400630459999732
3834,1.8515877279999793
3835,1.7735646019999973
3836,1.8344388679999857
3837,1.816619429999968
3838,1.7288945579999493
3839,1.9077464679999978
3840,1.8753632299999758
3841,1.8366183639999534
3842,1.8881763179999655
3843,1.8777819539999618
3844,1.8552544939999716
3845,1.8841050639999721
3846,1.80790741799995
3847,1.8658140319999705
3848,1.9630402259999524
3849,1.826965931999982
3850,1.8454266719999723
3851,1.925413479999969
3852,1.8228216859999669
3853,1.791553957999954
3854,1.8462930879999775
3855,1.8754503739999673
3856,1.921173097999953
3857,1.8498273519999575
3858,1.8178312859999468
3859,1.9019306539999636
3860,1.8634448539999693
3861,1.8525623619999454
3862,1.8175334279999422
3863,1.756596785999949
3864,1.8054377299999724
3865,1.8896686159999774
3866,1.7352889559999785
3867,1.736515875999998
3868,1.6892206099999776
3869,1.8150074899999602
3870,1.8393041219999584
3871,1.8888705219999768
3872,1.7444534219999785
3873,1.7624147779999433
3874,1.7722124599999531
3875,1.798708721999962
3876,1.8135317999999612
3877,1.8576665259999725
3878,1.7528362739999737
3879,1.798975608000013
3880,1.753997075999949
3881,1.8761152959999763
3882,1.8382573219999763
3883,1.8114735599999832
3884,1.7579314339999796
3885,1.6870365399999598
3886,1.8206722539999642
3887,1.8516915699999736
3888,1.7886465179999924
3889,1.780021953999973
3890,1.819913327999958
3891,1.8232562679999866
3892,1.8462828619999794
3893,1.6901260419999709
3894,1.805908425999958
3895,1.703781491999985
3896,1.7591404200000091
3897,1.6811869099999566
3898,1.7301288299999573
3899,1.6084153139999735
3900,1.6945482399999534
3901,1.7207065439999347
3902,1.7747333379999541
3903,1.7978879379999557
3904,1.6850532599999557
3905,1.668576183999928
3906,1.58387015399996
3907,1.7056555739999468
3908,1.7381575739999497
3909,1.7145484039999825
3910,1.650551431999967
3911,1.7199317379999446
3912,1.6825454919999672
3913,1.6198483519999685
3914,1.6477972919999615
3915,1.7362013539999577
3916,1.7363233079999674
3917,1.7647541879999817
3918,1.7698885159999889
3919,1.7531590779999728
3920,1.758633389999995
3921,1.7206250199999662
3922,1.787864389999958
3923,1.7318317599999666
3924,1.746592751999998
3925,1.766345913999976
3926,1.7487295579999862
3927,1.7555899679999687
3928,1.7221470999999777
3929,1.8002655059999628
3930,1.7812741619999393
3931,1.7508027899999679
3932,1.745271673999973
3933,1.671853505999983
3934,1.7492322279999706
3935,1.6583691319999752
3936,1.7131315259999735
3937,1.7372752119999846
3938,1.7515239819999784
3939,1.6901195479999553
3940,1.676068481999975
3941,1.669305613999994
3942,1.7138902260000008
3943,1.671135575999949
3944,1.6964791299999615
3945,1.664833713999967
3946,1.645075184
3947,1.7431320959999774
3948,1.71255925199999
3949,1.737379521999971
3950,1.739879861999969
3951,1.739983378000001
3952,1.7017897699999907
3953,1.6327746379999675
3954,1.6576592379999844
3955,1.7413705499999963
3956,1.7391583919999576
3957,1.7945850100000005
3958,1.78712382599999
3959,1.7781732919999893
3960,1.8427508859999997
3961,1.7678139599999754
3962,1.8489017339999791
3963,1.8066951799999977
3964,1.8307574679999927
3965,1.7893999039999955
3966,1.7772110639999839
3967,1.7576026079999707
3968,1.749190841999948
3969,1.8399803779999613
3970,1.8289026939999808
3971,1.7624860899999681
3972,1.688322553999979
3973,1.7469084179999927
3974,1.78671715999998
3975,1.7817716259999947
3976,1.8333075379999861
3977,1.7086432379999785
3978,1.781379413999984
3979,1.7695613740000016
3980,1.7900484579999731
3981,1.7364012280000019
3982,1.7960287959999643
3983,1.7871397399999722
3984,1.8703980459999858
3985,1.8281011659999848
3986,1.8381953319999809
3987,1.9256693279999926
3988,1.817396795999948
3989,1.7975873879999682
3990,1.7669718479999694
3991,1.7926272339999727
3992,1.8205291619999553
3993,1.8536189659999436
3994,1.8051008859999906
3995,1.8304391119999774
3996,1.7692098739999529
3997,1.7977991759999834
3998,1.7716185959999753
3999,1.78514393599998
4000,1.7647690339999667
4001,1.7961502860000067
4002,1.8037481179999837
4003,1.8175724479999733
4004,1.8343585960000008
4005,1.7755199119999965
4006,1.7971169659999564
4007,1.8272844279999667
4008,1.7191493339999808
4009,1.8152263559999882
4010,1.8282366499999814
4011,1.8691397319999716
4012,1.8435278539999664
4013,1.8690886979999832
4014,1.8871289799999769
4015,1.8511492899999826
4016,1.8632451859999644
4017,1.7899249559999597
4018,1.77060505999995
4019,1.7655822679999744
4020,1.7488549699999667
4021,1.7651266239999708
4022,1.836795911999971
4023,1.8903663659999872
4024,1.7974013299999991
4025,1.8724840499999584
4026,1.812866055999973
4027,1.8874919179999636
4028,1.837357351999982
4029,1.9343195879999997
4030,1.9103773659999532
4031,1.8387482840000113
4032,1.884941329999976
4033,1.8702954019999596
4034,1.8714876839999526
4035,1.8958009359999717
4036,1.9290176099999854
4037,1.8709948659999796
4038,1.8705215439999612
4039,1.866716655999967
4040,1.8494859519999671
4041,1.8799925439999843
4042,1.87671018399999
4043,1.8776031119999772
4044,1.8825891479999826
4045,1.7317755159999937
4046,1.8010966639999904
4047,1.8342897519999934
4048,1.8430581559999815
4049,1.8030357859999868
4050,1.8112891299999823
4051,1.8392799859999756
4052,1.8770580499999823
4053,1.8058316879999947
4054,1.8395706419999858
4055,1.902097449999971
4056,1.805100965999975
4057,1.7000912619999564
4058,1.7408477919999865
4059,1.8129594779999672
4060,1.8366027319999678
4061,1.83610790999998
4062,1.8079715419999776
4063,1.804488477999977
4064,1.769257547999965
4065,1.787634943999985
4066,1.7862842939999735
4067,1.8701055039999814
4068,1.75845852999996
4069,1.8276864039999619
4070,1.7603806659999743
4071,1.7899225899999816
4072,1.713780389999986
4073,1.7948018959999534
4074,1.7009002559999822
4075,1.8257306619999714
4076,1.8140433719999827
4077,1.8429905799999902
4078,1.763012791999983
4079,1.743675057999998
4080,1.7106959499999739
4081,1.6552196740000014
4082,1.7509437219999868
4083,1.82769253999999
4084,1.7775516539999825
4085,1.7574557059999882
4086,1.7161184219999925
4087,1.7675192659999972
4088,1.7410001720000203
4089,1.6855560239999878
4090,1.6951195339999914
4091,1.7169777339999783
4092,1.735589293999975
4093,1.5884797139999973
4094,1.7065220720000274
4095,1.656831009999955
4096,1.6024821399999787
4097,1.7407877740000053
4098,1.7392899899999814
4099,1.6947526400000013
4100,1.7215697459999624
4101,1.815957887999986
4102,1.6736850799999825
4103,1.8503681099999647
4104,1.767874027999985
4105,1.7552621119999956
4106,1.7628865019999829
4107,1.619525412000018
4108,1.8236358540000164
4109,1.6690875979999853
4110,1.7699285980000035
4111,1.676634165999984
4112,1.8587266620000187
4113,1.8497719980000071
4114,1.8004030359999803
4115,1.7795494979999948
4116,1.8079144439999695
4117,1.799639404000004
4118,1.774112285999978
4119,1.7397033500000014
4120,1.8027557280000206
4121,1.761751918000001
4122,1.6861236779999758
4123,1.698272026000005
4124,1.8078392180000091
4125,1.6677486039999814
4126,1.775059955999998
4127,1.8565648379999744
4128,1.7637553319999633
4129,1.7339940119999533
4130,1.6994401119999547
4131,1.6909619439999801
4132,1.5753806179999907
4133,1.7280330379999698
4134,1.7266263419999794
4135,1.6543522359999805
4136,1.7869876259999848
4137,1.7038696039999945
4138,1.718489973999977
4139,1.6719054559999802
4140,1.7438448319999655
4141,1.6803489119999715
4142,1.7088846479999842
4143,1.6250121379999924
4144,1.688101247999958
4145,1.595100603999997
4146,1.6280147779999823
4147,1.705130659999945
4148,1.7543636039999977
4149,1.7418138919999748
4150,1.756203585999978
4151,1.8065537079999892
4152,1.7727980079999939
4153,1.7972995619999899
4154,1.7327833479999932
4155,1.7574820079999776
4156,1.7602473139999897
4157,1.7828319380000024
4158,1.8014937059999567
4159,1.7967459639999905
4160,1.8238721459999894
4161,1.87495121199998
4162,1.8817283899999993
4163,1.8466962060000003
4164,1.7799056780000158
4165,1.786696811999977
4166,1.790797314000001
4167,1.8113651820000176
4168,1.7699172359999829
4169,1.8393102480000345
4170,1.7801561140000022
4171,1.8593989280000087
4172,1.8819222720000006
4173,1.7821730120000079
4174,1.7892596440000255
4175,1.7868755380000187
4176,1.8134789180000266
4177,1.800478824000027
4178,1.786136128000011
4179,1.8128739799999827
4180,1.7506612620000106
4181,1.8120362679999769
4182,1.8117435240000024
4183,1.753566600000005
4184,1.8163900639999973
4185,1.73434829599999
4186,1.816208669999968
4187,1.6974795279999966
4188,1.8514307600000035
4189,1.682472076000017
4190,1.7650908780000019
4191,1.7686926619999888
4192,1.7010006020000112
4193,1.7185167460000295
4194,1.8155032099999935
4195,1.746538513999991
4196,1.7850109819999882
4197,1.705957176000028
4198,1.7586319060000033
4199,1.7260865220000032
4200,1.7167310280000248
4201,1.676615621999997
4202,1.6527695380000385
4203,1.6916534060000088
4204,1.745159672000014
4205,1.8104875860000071
4206,1.7707778320000123
4207,1.7725733560000243
4208,1.8475633420000181
4209,1.7860374420000347
4210,1.7544401540000254
4211,1.8802677120000055
4212,1.7905164900000294
4213,1.7398899240000265
4214,1.8813470000000199
4215,1.757495554000048
4216,1.6814467820000245
4217,1.8293552580000096
4218,1.869068028000045
4219,1.864018727999992
4220,1.8412515719999867
4221,1.7852064240000165
4222,1.7630138880000246
4223,1.7834646620000292
4224,1.760640982000019
4225,1.8353478000000245
4226,1.888315054000018
4227,1.7629796000000275
4228,1.779901638000012
4229,1.8048026480000168
4230,1.7719628500000062
4231,1.713614318000003
4232,1.6873981239999858
4233,1.737560233999993
4234,1.8065399080000066
4235,1.8216978420000074
4236,1.7801816180000007
4237,1.7799969859999987
4238,1.8138980320000075
4239,1.6306108499999852
4240,1.751095592000005
4241,1.849640089999991
4242,1.7073440079999802
4243,1.7582687660000063
4244,1.7652329239999909
4245,1.7959449679999895
4246,1.7692236679999993
4247,1.7918371239999842
4248,1.8604118980000095
4249,1.832336472000009
4250,1.7466556200000016
4251,1.7563806800000314
4252,1.6819214379999914
4253,1.6834265299999807
4254,1.8072431000000155
4255,1.7260567999999932
4256,1.7599540420000204
4257,1.6830473960000127
4258,1.7852755039999857
4259,1.7474856539999941
4260,1.761746077999988
4261,1.76468256799998
4262,1.6903662480000126
4263,1.676063675999999
4264,1.7309612640000105
4265,1.7653714020000133
4266,1.7958397080000175
4267,1.7676062420000214
4268,1.7375639840000148
4269,1.6797249540000572
4270,1.7808491060000307
4271,1.783561004000005
4272,1.8187061180000064
4273,1.7178793699999861
4274,1.7782694480000383
4275,1.8313525420000552
4276,1.7898723720000276
4277,1.7681196060000182
4278,1.766563280000042
4279,1.733684278000014
4280,1.6903450060000336
4281,1.71837865200003
4282,1.6656835200000075
4283,1.7704364240000126
4284,1.6879343699999994
4285,1.7151032580000436
4286,1.6664250320000342
4287,1.7658190500000217
4288,1.7002893180000034
4289,1.8316921579999867
4290,1.6640896220000045
4291,1.851493748000006
4292,1.8018017000000206
4293,1.7499440840000369
4294,1.8552823320000436
4295,1.7716894860000298
4296,1.8190253100000178
4297,1.8115507020000265
4298,1.7949266760000437
4299,1.8179204880000288
4300,1.8762427559999995
4301,1.7448079680000195
4302,1.7649363840000287
4303,1.7421534880000222
4304,1.8186712480000324
4305,1.8655259760000487
4306,1.8339787300000165
4307,1.9042603600000163
4308,1.7674636280000144
4309,1.6780371720000375
4310,1.764262800000027
4311,1.7232152560000102
4312,1.7393520320000255
4313,1.842448406000021
4314,1.742380799999994
4315,1.794170668000017
4316,1.7742068960000235
4317,1.7020111760000045
4318,1.8533565000000032
4319,1.916671484000021
4320,1.7761016140000208
4321,1.8556144040000035
4322,1.9232247299999947
4323,1.9105550120000214
4324,1.96962949000002
4325,1.899315550000025
4326,1.8739240059999986
4327,1.8672005080000134
4328,1.8342868039999871
4329,1.9540379420000065
4330,1.806822235999985
4331,1.8208875439999939
4332,1.8605254140000007
4333,1.9227118420000047
4334,1.8582915480000328
4335,1.8328565779999795
4336,1.7535797439999956
4337,1.7950293300000062
4338,1.8743835920000174
4339,1.8497849559999935
4340,1.849955278000013
4341,1.8731756700000113
4342,1.9169303279999816
4343,1.9773590419999887
4344,1.8590893700000066
4345,1.8596213319999966
4346,1.9584557880000086
4347,2.0143723799999935
4348,1.8580330740000186
4349,1.8161951320000047
4350,1.8168948180000033
4351,1.9102088020000063
4352,1.91887765600002
4353,1.8117437079999976
4354,1.8793897839999896
4355,1.9490178660000246
4356,1.8588870520000136
4357,1.8675719659999857
4358,1.8492119020000053
4359,1.8330688399999917
4360,1.8897254419999965
4361,1.9022994040000143
4362,1.889103746000007
4363,1.9614592440000211
4364,2.039860134000011
4365,1.981938382000008
4366,1.9660688940000348
4367,1.904406552000011
4368,1.9741251660000045
4369,1.869859662000024
4370,2.017186897999985
4371,2.091761688
4372,1.9978107659999942
4373,1.9766615339999838
4374,1.9191439899999985
4375,1.977009279999993
4376,2.034952610000007
4377,1.9253529180000009
4378,2.0552274719999875
4379,1.9928955660000234
4380,1.932596970000009
4381,2.0481852500000164
4382,2.0156241620000004
4383,2.0775330240000134
4384,2.137232009999992
4385,2.0147568440000163
4386,2.011040879999997
4387,2.050093033999998
4388,1.9185494439999484
4389,1.9336579659999706
4390,1.8634785719999503
4391,1.9247359799999497
4392,2.006862913999994
4393,1.8567030419999675
4394,1.875283682000002
4395,1.7767547759999847
4396,1.907083699999983
4397,1.9461122939999775
4398,1.9321728859999745
4399,1.8954408099999889
4400,1.814698871999978
4401,1.8152453459999627
4402,1.8932275699999845
4403,1.9527775919999393
4404,1.855700087999963
4405,1.9142656099999944
4406,1.88456929
4407,1.9043625439999936
4408,1.827707669999985
4409,1.8569717299999677
4410,1.9238834440000077
4411,1.848466687999992
4412,1.8923631080000103
4413,1.8846513579999846
4414,1.9283962380000008
4415,2.011761966000014
4416,1.9725378519999779
4417,1.922490122
4418,1.9314729740000036
4419,1.96444726600002
4420,2.008378537999964
4421,1.9663579059999936
4422,1.9351814900000044
4423,2.0043405940000047
4424,1.9441529919999965
4425,2.0347234700000105
4426,1.9320202360000138
4427,1.9655293079999936
4428,2.0445682500000073
4429,1.9683402619999835
4430,1.978479743999997
4431,1.9672463959999842
4432,1.9989559099999799
4433,1.8751763740000005
4434,1.9877345619999922
4435,1.986541145999976
4436,1.9554058779999939
4437,2.013117643999971
4438,1.9425306679999887
4439,1.9958264420000085
4440,1.8488316020000142
4441,1.941085972000005
4442,1.937168820000008
4443,1.8862553539999596
4444,1.920852571999978
4445,1.8987453839999824
4446,1.9462484179999717
4447,1.9884508259999945
4448,2.083819667999973
4449,1.9836514379999781
4450,1.856275425999987
4451,1.8642495699999717
4452,1.9453929280000026
4453,1.9514117119999796
4454,1.9251240500000288
4455,2.0559393260000025
4456,1.9434524079999904
4457,2.029352188
4458,1.9607807319999915
4459,1.996199871999993
4460,2.047239575999984
4461,2.022779369999974
4462,1.9251010119999854
4463,1.9505447959999889
4464,1.9862169360000004
4465,1.972516738000003
4466,1.9923073460000218
4467,1.9780520260000123
4468,2.0071598040000027
4469,1.99725623799996
4470,1.9684002999999684
4471,1.9769066459999807
4472,1.9839410199999974
4473,1.9419024919999806
4474,2.0033019619999637
4475,1.9416390059999913
4476,1.9712128800000037
4477,1.932153863999968
4478,2.008686335999983
4479,1.863362815999978
4480,1.9666048980000084
4481,2.0514540879999776
4482,2.016447393999985
4483,2.0311756559999683
4484,1.9323244979999843
4485,1.9621177540000079
4486,2.103038511999995
4487,1.973524083999991
4488,1.894313928000011
4489,1.8377080780000241
4490,1.9366475839999864
4491,1.9080222999999852
4492,1.8826659840000404
4493,1.877059495999982
4494,1.9361574900000211
4495,1.917802182000021
4496,1.8954119559999996
4497,1.9081053859999897
4498,1.8921028600000134
4499,1.9722404020000162
4500,1.936559181999997
4501,1.9712362979999831
4502,1.9070968199999825
4503,1.9611312319999505
4504,1.8589633219999513
4505,1.8579152059999557
4506,1.847487175999989
4507,1.9045887359999814
4508,1.9375442599999704
4509,1.8475980919999624
4510,1.8804856339999731
4511,1.9167466479999853
4512,1.9042197720000043
4513,1.8598365019999652
4514,1.9553717999999987
4515,1.9394616699999734
4516,1.886464399999992
4517,1.9513975399999661
4518,2.049052699999989
4519,1.8919722599999702
4520,1.9428523039999734
4521,1.9635816399999897
4522,1.9182323559999914
4523,1.9112371539999984
4524,1.9853584999999938
4525,2.035105011999978
4526,2.0235599819999806
4527,1.9326069999999773
4528,2.0073723279999833
4529,1.9930504459999976
4530,2.0869654380000124
4531,2.055127527999976
4532,2.0342122619999836
4533,1.9845697559999742
4534,1.9654420699999964
4535,2.06656153399998
4536,1.9703504139999861
4537,2.0171844059999744
4538,2.0475749460000103
4539,2.023627951999978
4540,1.9587465839999971
4541,1.9355043679999895
4542,2.0371062139999663
4543,2.0175775319999945
4544,1.9816841839999852
4545,1.9601659120000092
4546,1.9399928359999883
4547,1.9941221420000013
4548,2.0538658460000114
4549,2.1006240480000105
4550,2.0874025819999886
4551,1.9424148159999846
4552,2.0596038199999844
4553,2.106200833999987
4554,1.968264559999988
4555,2.089158421999997
4556,2.029518161999979
4557,2.0365073419999713
4558,2.015241075999994
4559,2.0448332179999884
4560,2.049037591999987
4561,2.1072014959999796
4562,2.029934023999984
4563,2.005820385999977
4564,2.1214852139999563
4565,2.0902639059999917
4566,2.0525940519999786
4567,2.098405977999993
4568,2.1370850259999896
4569,1.9884234999999606
4570,2.0901380259999724
4571,2.1569281079999936
4572,2.152931353999965
4573,2.1028671199999627
4574,2.081202527999968
4575,2.146635097999936
4576,2.081644489999983
4577,2.093156701999961
4578,2.1089139099999965
4579,2.1648934359999616
4580,2.1013903299999726
4581,2.0789752619999913
4582,2.138570981999983
4583,2.111159959999971
4584,2.021245249999981
4585,2.0143381979999564
4586,2.176589469999959
4587,2.0748022959999823
4588,2.072188831999986
4589,2.1453605819999844
4590,2.203282393999957
4591,2.178168439999957
4592,2.120952427999978
4593,2.066467139999957
4594,2.139845095999946
4595,2.139745049999977
4596,2.1482611519999617
4597,2.143219753999963
4598,2.1195892799999694
4599,2.19692180999997
4600,2.109799821999978
4601,2.203782135999983
4602,2.1388420459999624
4603,2.215422405999994
4604,2.044798621999986
4605,2.088210543999991
4606,2.1287921560000056
4607,2.125044035999988
4608,2.027480065999976
4609,2.0141868479999747
4610,2.0191886479999743
4611,2.1459021940000067
4612,2.0919528619999816
4613,2.072242647999989
4614,2.091373458000003
4615,2.0429070079999967
4616,2.0800125299999905
4617,2.101776443999981
4618,2.0533595659999992
4619,1.9854972419999897
4620,1.959106895999998
4621,2.0284173259999916
4622,1.9963889639999977
4623,1.9758033240000028
4624,1.986985799999994
4625,2.046131185999993
4626,1.9436751039999844
4627,1.8273899159999818
4628,1.9444828319999765
4629,2.022195729999976
4630,2.0013038379999704
4631,1.9266594039999554
4632,1.9304890339999758
4633,1.8880967559999817
4634,1.9250577960000004
4635,1.9987803180000043
4636,1.9516376859999784
4637,1.9303555299999875
4638,1.9594526699999768
4639,1.9505965399999738
4640,1.8517078519999952
4641,1.9561296480000088
4642,1.8960029620000096
4643,1.9316832699999953
4644,2.0083697759999763
4645,1.8986054360000004
4646,1.9738560520000181
4647,1.9076023199999923
4648,1.9599194499999981
4649,1.9648024160000113
4650,1.9542328060000003
4651,1.9930155420000162
4652,2.009313245999973
4653,1.9625851719999645
4654,1.9671974080000076
4655,1.9624054739999863
4656,1.9808884199999977
4657,1.8758539059999755
4658,1.9597407679999848
4659,1.8291246060000188
4660,1.9484669660000264
4661,1.8973554140000062
4662,1.92181755
4663,1.9899157259999956
4664,1.922991294000007
4665,2.033479737999979
4666,1.9340132100000318
4667,1.8673787680000076
4668,1.8970543000000117
4669,1.9364779720000125
4670,2.001098076000014
4671,1.9418136420000387
4672,1.883814178000005
4673,1.8900019140000257
4674,2.011298189999986
4675,2.061264803999996
4676,1.9697949600000242
4677,2.022572643999996
4678,2.022175956000014
4679,1.8732659720000377
4680,1.917837058000027
4681,1.8510313940000025
4682,1.938699102000001
4683,1.9124115140000029
4684,1.9555427639999934
4685,2.0299245159999835
4686,1.944990294000002
4687,1.9598820399999828
4688,1.9512284980000103
4689,2.01231358999999
4690,1.9710312899999871
4691,1.9771244179999712
4692,2.0015267920000035
4693,2.012061181999951
4694,1.8966268519999718
4695,1.949380457999983
4696,2.0206459299999846
4697,1.9757287039999905
4698,1.9660507519999861
4699,1.979604687999963
4700,2.001248147999992
4701,1.968190118000028
4702,2.0171992179999876
4703,2.019996785999989
4704,2.0115405799999975
4705,2.0540454279999754
4706,2.0821399499999727
4707,2.063388981999996
4708,2.1685111840000015
4709,2.0913425719999634
4710,2.028590605999987
4711,2.07173883600001
4712,2.07017481799997
4713,2.0868295940000126
4714,2.1345424639999733
4715,2.0648732739999875
4716,2.0431717059999843
4717,2.0406336639999845
4718,2.0894311140000066
4719,1.9934593999999706
4720,2.0999196600000003
4721,2.0554594499999856
4722,2.0413003279999886
4723,1.9533117779999998
4724,1.979026471999985
4725,2.014952939999972
4726,2.0201107959999787
4727,1.9955470799999797
4728,2.03642296599998
4729,2.046508723999978
4730,1.988046429999979
4731,1.9775493339999817
4732,1.969342429999985
4733,1.919638931999954
4734,2.0637577419999875
4735,2.0172227579999857
4736,1.9595536679999668
4737,2.0654038480000114
4738,2.0738585460000025
4739,1.9595466179999832
4740,2.0256986779999986
4741,1.9582241900000283
4742,2.0712988700000246
4743,2.063343895999985
4744,2.0673100680000145
4745,2.0013266360000292
4746,2.090113058000007
4747,1.9899981360000083
4748,1.9295774939999855
4749,2.0359537680000006
4750,1.9667723900000111
4751,1.9729961140000185
4752,2.07115817800001
4753,1.8658637480000029
4754,1.9264272060000187
4755,1.9915148020000095
4756,2.1495396900000063
4757,1.9772141400000032
4758,1.9394977679999914
4759,1.9828202200000036
4760,1.9391501459999883
4761,1.9606193820000062
4762,2.0152592719999807
4763,2.0449433220000124
4764,2.039346058000009
4765,2.044411754000004
4766,2.0284870320000326
4767,2.013223948000016
4768,1.9560693200000003
4769,1.9668815500000172
4770,1.999167298000004
4771,1.9744153940000064
4772,2.001258660000005
4773,2.1056917499999983
4774,2.0141724619999923
4775,2.0706189660000263
4776,1.9866490000000137
4777,2.0046169860000074
4778,2.1029830719999865
4779,2.0543395740000325
4780,1.955950254000016
4781,1.9127630040000334
4782,2.004383958000018
4783,1.8985642640000044
4784,1.9732059120000223
4785,2.023437036000031
4786,1.982874070000009
4787,2.0525028780000154
4788,2.0650105460000123
4789,1.9832472740000173
4790,2.052974600000026
4791,2.0548236120000096
4792,2.0305983340000178
4793,2.053799360000008
4794,2.0101319020000075
4795,2.0713122839999887
4796,2.1129268559999903
4797,2.083801893999997
4798,1.9798293020000046
4799,1.9498821280000045
4800,2.0514832540000083
4801,1.9598005320000311
4802,2.0524870080000013
4803,2.0784734920000125
4804,2.1373335819999806
4805,2.025621415999983
4806,2.086812350000007
4807,1.9969497719999851
4808,2.0797066959999855
4809,2.071277355999974
4810,1.986171471999978
4811,2.0294764199999893
4812,2.0398158419999746
4813,1.9865391579999847
4814,1.9057388219999916
4815,2.014758842000015
4816,2.1513202919999896
4817,2.0107741259999767
4818,2.049318981999968
4819,2.0429953499999787
4820,2.0241759939999904
4821,2.1881015160000006
4822,2.049622121999979
4823,1.954797473999983
4824,2.0535879539999846
4825,2.0187961939999988
4826,2.032601568000003
4827,2.035736443999987
4828,2.036057534000024
4829,1.9570674200000049
4830,2.0142250880000057
4831,2.0336697520000113
4832,2.078261598000015
4833,2.0010553539999942
4834,2.0321231720000243
4835,1.9814083620000278
4836,2.0471911480000182
4837,2.0168353840000197
4838,1.9692527520000127
4839,1.9829362279999985
4840,1.9758199340000182
4841,1.9412978759999966
4842,1.9921187460000156
4843,2.036061142000032
4844,1.9871257959999955
4845,1.9700280360000089
4846,1.9706279140000227
4847,2.117434728000025
4848,2.0591823620000294
4849,2.099350568000018
4850,1.942260236000033
4851,2.0908102460000477
4852,2.1335702060000106
4853,1.9929188340000124
4854,1.9862864519999988
4855,2.0595951940000345
4856,1.9998546540000173
4857,1.9600312799999962
4858,2.0284965760000118
4859,2.0453417960000397
4860,1.9468864020000118
4861,2.0413565920000143
4862,2.0914657520000146
4863,2.099070472000024
4864,2.02336691600002
4865,2.0375328839999973
4866,1.9779285900000043
4867,1.8663836820000346
4868,2.0784527280000176
4869,2.0206312500000045
4870,2.0760657060000254
4871,2.107627004000028
4872,2.0618838100000247
4873,2.105310370000022
4874,1.9860695320000432
4875,1.976664266000001
4876,1.935051094000011
4877,2.0633075800000267
4878,2.0147698140000347
4879,1.9611121420000053
4880,2.027653368000042
4881,1.959914444000015
4882,1.9125429380000234
4883,1.9302487740000138
4884,1.9390927720000264
4885,1.9515888440000229
4886,1.9231214540000294
4887,2.0127972819999895
4888,1.9780543500000114
4889,2.0039695520000134
4890,1.913141802000018
4891,1.8531028780000234
4892,2.045978722000039
4893,1.9437757840000192
4894,1.8334147219999841
4895,1.9051315820000259
4896,2.067601296000001
4897,1.9395139060000368
4898,1.9088899540000128
4899,1.8944076380000439
4900,2.07261046800002
4901,2.0152397120000254
4902,1.9074929800000162
4903,1.9986764500000256
4904,1.9452149140000063
4905,1.97710590999999
4906,1.962789873999995
4907,1.8853956280000284
4908,2.014844212000013
4909,1.9746269160000196
4910,1.9160231460000297
4911,1.9665244360000187
4912,1.8722268700000089
4913,2.000892937999992
4914,2.0379166800000137
4915,2.030754599999991
4916,1.9963790780000412
4917,1.9370885920000003
4918,1.995846954000018
4919,1.982243000000008
4920,1.9853748020000197
4921,2.0120596640000254
4922,1.9904153540000191
4923,1.9630210960000105
4924,1.9348130860000132
4925,1.9311827620000077
4926,1.9202320580000287
4927,2.017726368000017
4928,1.9887726640000245
4929,1.9957634960000004
4930,1.9044490660000157
4931,1.9419265140000186
4932,1.97873325400002
4933,1.9890475800000207
4934,1.957773404000043
4935,1.909121644000067
4936,1.9956663360000082
4937,1.8987074220000122
4938,2.010304196000039
4939,2.0129877480000324
4940,2.0292778060000205
4941,1.98485973800004
4942,1.9528784720000236
4943,1.9787191660000114
4944,1.9445051239999933
4945,1.9859868939999958
4946,1.984677544000015
4947,1.922577040000015
4948,1.9827968019999929
4949,1.991395652000034
4950,2.007650220000028
4951,1.992708406000041
4952,1.934814201999999
4953,1.994531324000026
4954,2.0308133540000406
4955,1.9727970680000475
4956,1.9071431340000333
4957,2.001594062000036
4958,2.0230117360000333
4959,1.961200366000022
4960,1.9202723900000351
4961,2.005350258000007
4962,1.9227022660000117
4963,1.9436618000000336
4964,1.896349578000045
4965,2.023860318000017
4966,1.9742025480000258
4967,1.9243870940000285
4968,1.9110306560000345
4969,1.9548642400000027
4970,1.9595880779999988
4971,1.9515810200000019
4972,1.9246505919999723
4973,2.001173975999988
4974,1.985567043999992
4975,2.0191175780000004
4976,1.9273067579999867
4977,1.9456326239999868
4978,1.9638171639999988
4979,1.9861475219999967
4980,1.9229885840000136
4981,1.9500696959999986
4982,1.9000128920000159
4983,1.9020187339999794
4984,1.940874887999986
4985,1.9293192099999934
4986,1.964683062000003
4987,1.9127777279999811
4988,1.8288375100000054
4989,1.9602581360000015
4990,1.9167872479999981
4991,1.9726651860000044
4992,1.8706626020000194
4993,1.9640641559999985
4994,1.8641816580000037
4995,1.849286540000008
4996,1.8893969939999788
4997,1.9330258059999927
4998,1.9048295579999894
4999,1.928024393999992
